tree
version=v4
num_class=1
num_tree_per_iteration=1
label_index=0
max_feature_idx=11
objective=binary sigmoid:1
feature_names=Column_0 Column_1 Column_2 Column_3 Column_4 Column_5 Column_6 Column_7 Column_8 Column_9 Column_10 Column_11
feature_infos=[-1.3558486700057983:24.842706680297852] [-14.235921859741211:19.915739059448242] [-1.7010818719863892:1.7620115280151367] [-13.256629943847656:11.43073558807373] [-2.1461360454559326:2.0538268089294434] [-1.9474616050720215:1.9085915088653564] [-1.1133983135223389:1.1119651794433594] none none none none [-1.7113611698150635:2.817194938659668]
tree_sizes=1649 1710 1719 1614 1714 1502 1705 1725 1508 1608 1495 1392 1606 1812 1618 1809 1402 1821 1397 1726 1307 1403 1304 1203 1726 1190 1206 1413 1204 1205 1717 1098 1838 1500 1192 1202 1833 990 887 1506 1091 1730 1083 1618 1206 1198 1189 1091 785 1099

Tree=0
num_leaves=15
num_cat=0
split_feature=0 11 0 1 3 3 1 0 6 6 6 0 0 0
split_gain=220.476 105.354 86.8011 41.5089 32.4971 25.2347 23.6019 14.6039 7.81026 6.74288 5.17501 2.9694 0.472382 2.84217e-14
threshold=-0.75511884689331044 -1.1564402580261228 0.14181464910507205 -1.2151979804038999 -1.4597517848014829 -1.384510278701782 1.2146814465522768 -0.9036913514137267 0.14717017859220508 0.30885541439056402 0.99204194545745861 1.9511928558349612 2.9346764087677006 -1.000271141529083
decision_type=2 2 2 2 2 2 2 2 2 2 2 2 2 2
left_child=3 11 4 9 -3 -4 7 -5 -8 13 -11 -2 -13 -1
right_child=1 2 5 6 -6 -7 8 -9 -10 10 -12 12 -14 -15
leaf_value=0.87812204729699272 1.0173480301816538 0.88551400852999218 0.97925703705940359 1.0975634124990135 1.1968798842906174 1.2990305499187467 1.0476197225495858 1.1780337627362141 0.89465341400139475 1.1458773003898253 0.90802725476083335 0.9264111536060835 0.87812204729699284 0.87812204729699272
leaf_weight=6.613393008708953 2.9122491478919974 3.4282237254083148 2.5056903585791579 90.883506048470736 150.73229047656059 163.27918466925621 7.3259031139314157 29.99602859094739 6.1316882818937302 1.9875137023627751 1.6947748586535452 3.673480246216057 4.5164635181427002 3.3873476386070243
leaf_count=41 30 22 23 1151 2350 3037 82 451 41 28 12 28 28 21
internal_value=1.1881 1.23346 1.24397 1.08665 1.18996 1.2942 1.10355 1.11753 0.977924 0.920719 1.03641 0.930621 0.899781 0.878122
internal_weight=479.068 331.048 319.945 148.02 154.161 165.785 134.337 120.88 13.4576 13.683 3.68229 11.1022 8.18994 10.0007
internal_count=7345 5518 5432 1827 2372 3060 1725 1602 123 102 40 86 56 62
is_linear=0
shrinkage=1


Tree=1
num_leaves=15
num_cat=0
split_feature=0 11 3 11 0 6 6 3 5 6 6 0 11 2
split_gain=132.9 69.3567 35.1227 32.6355 26.922 25.0829 19.2591 15.5513 10.3198 6.64646 18.6642 1.19885 0.483295 0.232467
threshold=-0.27304977178573603 -1.1564402580261228 1.3097496032714846 -0.88433420658111561 -0.9036913514137267 0.96413758397102367 1.0941582322120669 -1.4597517848014829 -1.6382395029067991 0.30885541439056402 0.98102071881294262 1.9511928558349612 0.59879425168037426 -0.24934128671884534
decision_type=2 2 2 2 2 2 2 2 2 2 2 2 2 2
left_child=2 11 4 6 8 -6 -3 -5 -1 12 -11 -2 -4 -13
right_child=1 3 9 7 5 -7 -8 -9 -10 10 -12 13 -14 -15
leaf_value=-0.03523506325029626 -0.26143653052037247 -0.016782376339359913 -0.38401611129344926 -0.34576589569405197 -0.11746565275458287 -0.20284887119556824 -0.33610026484773436 -0.10289964992109757 -0.22445684539459268 -0.077347500528382698 -0.37446438102134694 -0.31586690796115741 -0.34157631468768918 -0.34598894556861148
leaf_weight=2.9556323625147334 3.5211995542049399 68.654286310076714 3.4729348719120052 2.6802281662821761 78.201391201466322 61.43536065518856 1.9422508999705304 161.67317254841328 116.08265588805079 3.8362089022994024 4.7101175226271152 5.9137469865381709 11.80118355154991 4.5205668210983267
leaf_count=47 30 1314 20 14 1150 745 19 2606 1200 60 27 34 57 22
internal_value=-0.148576 -0.0952989 -0.195518 -0.0824338 -0.184818 -0.155031 -0.0255674 -0.10686 -0.219759 -0.311714 -0.241097 -0.311891 -0.351226 -0.328917
internal_weight=531.401 248.905 282.495 234.95 258.675 139.637 70.5965 164.353 119.038 23.8204 8.54633 13.9555 15.2741 10.4343
internal_count=7345 4039 3306 3953 3142 1895 1333 2620 1247 164 87 86 77 56
is_linear=0
shrinkage=0.1


Tree=2
num_leaves=15
num_cat=0
split_feature=0 11 6 6 1 3 6 1 11 1 6 0 0 0
split_gain=87.1787 46.5895 27.2241 59.8831 94.7774 51.4195 48.3386 44.0549 23.4396 14.5582 12.5482 4.02235 0.800926 0.188232
threshold=-0.27304977178573603 -1.1564402580261228 -1.0116626620292661 0.96413758397102367 0.054018303751945503 0.048588417470455177 -0.97248178720474232 0.99204370379447948 -0.88433420658111561 -1.2151979804038999 1.0941582322120669 -0.80553188920021046 1.9511928558349612 2.9346764087677006
decision_type=2 2 2 2 2 2 2 2 2 2 2 2 2 2
left_child=2 12 5 6 -5 7 -4 -1 10 -10 -3 -7 -2 -14
right_child=1 8 3 4 -6 11 -8 -9 9 -11 -12 -13 13 -15
leaf_value=-0.11526460044023937 -0.20967026612709835 -0.014953165334017846 -0.16110550875318336 -0.12933455741927158 -0.31892377572754205 -0.28149937032194106 -0.0057126656984536799 -0.3450393277072179 -0.27496513871303985 -0.086023962319187339 -0.25205764513102591 -0.35620059487348749 -0.24771165182520127 -0.2732208804528245
leaf_weight=53.031724311411381 3.9256535768508902 69.31061240658164 35.18482119217515 95.530346810817719 36.420768868178129 21.872008293867111 46.44172190502286 9.9023856222629529 4.1784518249332896 169.76157445460558 2.3063031435012809 10.751385159790514 5.2141534835100156 6.4970702528953552
leaf_count=667 30 1314 376 1104 198 122 725 52 40 2580 19 62 28 28
internal_value=-0.12393 -0.0813957 -0.159867 -0.140017 -0.181664 -0.204233 -0.0726942 -0.151419 -0.0707381 -0.0905628 -0.0225887 -0.306118 -0.24876 -0.261863
internal_weight=570.329 261.194 309.135 213.578 131.951 95.5575 81.6265 62.9341 245.557 173.94 71.6169 32.6234 15.6369 11.7112
internal_count=7345 4039 3306 2403 1302 903 1101 719 3953 2620 1333 184 86 56
is_linear=0
shrinkage=0.1


Tree=3
num_leaves=14
num_cat=0
split_feature=0 11 0 3 1 6 1 6 6 2 0 5 2
split_gain=64.0961 28.5705 28.6931 17.8274 12.1767 10.7021 9.24562 14.7094 10.9077 0.863026 0.242655 0.0971285 0.0612032
threshold=-0.75511884689331044 -1.1938146352767942 0.47601255774497991 1.4177523851394656 -1.2151979804038999 1.097936272621155 -0.78950196504592884 -0.16280984133481977 0.94412010908126842 0.52368018031120311 -1.1334142088890073 -0.33057761192321772 -0.66828918457031239
decision_type=2 2 2 2 2 2 2 2 2 2 2 2 2
left_child=4 11 3 -3 9 -4 7 -6 -8 10 -1 -2 -13
right_child=1 2 5 -5 6 -7 8 -9 -10 -11 -12 12 -14
leaf_value=-0.24903568070019741 -0.24165593620392781 -0.093095816513459023 -0.035452248920279941 -0.26352759972355688 -0.27632903331143543 -0.216668916116384 -0.12991704419880432 -0.054739917262540155 -0.18332207143327683 -0.18721156987557735 -0.22401480857163653 -0.23263732513409852 -0.21593896578764893
leaf_weight=7.9184592738747606 3.8763567209243766 245.18415981903672 130.09120110422373 6.2950171604752532 3.4936460852623012 3.3426512628793708 91.001531448215246 21.017695762217045 65.968518022447824 4.5387956872582427 7.5924261473119268 3.7069552391767493 5.3813781440258017
leaf_count=35 16 3174 2220 38 17 29 923 265 520 30 37 16 25
internal_value=-0.105665 -0.0823921 -0.0774741 -0.0973621 -0.151612 -0.0399919 -0.143442 -0.0863234 -0.152361 -0.225565 -0.236788 -0.228403 -0.22275
internal_weight=599.409 397.878 384.913 251.479 201.531 133.434 181.481 24.5113 156.97 20.0497 15.5109 12.9647 9.08833
internal_count=7345 5518 5461 3212 1827 2249 1725 282 1443 102 72 57 41
is_linear=0
shrinkage=0.1


Tree=4
num_leaves=15
num_cat=0
split_feature=0 11 6 6 1 1 6 1 6 1 3 1 2 0
split_gain=48.0711 29.6291 20.6013 45.6008 66.798 37.4123 36.6053 28.756 17.254 36.1041 15.0853 2.52768 0.520414 0.826742
threshold=-0.21086570620536801 -1.1564402580261228 -1.0052360296249387 0.94412010908126842 0.04525172337889672 -0.2220552787184715 -0.97248178720474232 0.99204370379447948 1.0773931145668032 0.06999517604708673 -1.4238307476043699 -1.1828770041465757 -0.24934128671884534 2.9346764087677006
decision_type=2 2 2 2 2 2 2 2 2 2 2 2 2 2
left_child=2 12 5 6 -5 11 -4 -7 10 -10 -3 -1 13 -2
right_child=1 8 3 4 -6 7 -8 -9 9 -11 -12 -13 -14 -15
leaf_value=-0.20602813782012608 -0.14555495779029756 -0.23175060271335682 -0.11429679883340937 -0.088972750417560101 -0.2336818635770988 -0.089872092793811198 0.023022855509537456 -0.25109205031986259 -0.064541858071028829 -0.34371071310662621 -0.038296807997525127 -0.26307184137294148 -0.20684082406700965 -0.20589808282963562
leaf_weight=12.724229380488394 5.2568201534450072 4.1060541421174994 34.347171355038881 113.1002177298069 44.4293617233634 71.434202697128057 44.644686356186867 13.090904552489517 20.756373960524801 5.9635736532509318 220.14896028861403 19.942610256373882 7.672636952251195 3.9966500550508499
leaf_count=51 35 24 336 1218 212 795 683 62 296 30 3458 94 35 16
internal_value=-0.0914795 -0.0595259 -0.115681 -0.0986934 -0.129786 -0.149966 -0.0366864 -0.114841 -0.0508895 -0.126849 -0.0418389 -0.240852 -0.187584 -0.171618
internal_weight=621.614 267.901 353.713 236.521 157.53 117.192 78.9919 84.5251 250.975 26.7199 224.255 32.6668 16.9261 9.25347
internal_count=7345 3894 3451 2449 1430 1002 1019 857 3808 326 3482 145 86 51
is_linear=0
shrinkage=0.1


Tree=5
num_leaves=13
num_cat=0
split_feature=0 3 0 11 1 3 2 4 1 11 6 2
split_gain=40.8835 19.7471 20.2485 20.6116 10.3421 8.21996 8.87488 1.58264 1.11519 0.788704 1.16583 0.458141
threshold=-0.75511884689331044 -1.4238307476043699 1.7784939408302309 -0.88433420658111561 -1.2151979804038999 -1.6521806120872495 1.0994313955307009 -0.5411466360092162 1.676827669143677 0.78692090511322033 -0.47677174210548395 -0.24934128671884534
decision_type=2 2 2 2 2 2 2 2 2 2 2 2
left_child=4 7 3 -3 9 8 -7 -2 -6 -1 -11 -4
right_child=1 2 11 -5 5 6 -8 -9 -10 10 -12 -13
leaf_value=-0.21829367384902817 -0.13768624650112751 -0.0069280191208531475 -0.15273395912653989 -0.065213002779771143 -0.16814601578101995 -0.1134986219575671 -0.053488905351739925 -0.22216116400636976 -0.2383712330637543 -0.18968648830003812 -0.13014201630818914 -0.18647444769128119
leaf_weight=4.8394523561000851 3.1614057421684265 74.865068674087524 8.7788289971649665 320.07061918824911 4.7569973133504373 155.91117153316736 29.271280754357576 7.4307144768536073 4.3103376626968384 11.174347802996635 4.6591702997684452 7.4307158142328253
leaf_count=20 22 1329 50 4052 27 1366 314 32 18 45 37 33
internal_value=-0.0802235 -0.0621334 -0.0586603 -0.0541643 -0.115721 -0.108565 -0.104013 -0.196948 -0.201529 -0.182963 -0.172165 -0.168201
internal_weight=636.66 421.737 411.145 394.936 214.923 194.25 185.182 10.5921 9.06733 20.673 15.8335 16.2095
internal_count=7345 5518 5464 5381 1827 1725 1680 54 45 102 82 83
is_linear=0
shrinkage=0.1


Tree=6
num_leaves=15
num_cat=0
split_feature=0 3 3 0 6 6 5 5 6 6 1 1 6 4
split_gain=33.4949 21.7927 19.6052 16.2872 10.199 19.4214 6.04558 6.98627 5.43288 4.79585 3.21913 4.44645 2.23681 0.465372
threshold=-0.89377072453498829 1.3097496032714846 -1.4238307476043699 1.7784939408302309 0.98102071881294262 0.95287883281707775 0.23687952011823657 0.01285806391388178 0.97165754437446605 -1.0052360296249387 -0.99838370084762562 -0.80587083101272572 -0.97645851969718922 -1.7750065326690672
decision_type=2 2 2 2 2 2 2 2 2 2 2 2 2 2
left_child=6 2 12 -4 5 -3 7 9 -9 -1 13 -12 -2 -8
right_child=1 4 3 -5 -6 -7 10 8 -10 -11 11 -13 -14 -15
leaf_value=-0.13066520955737185 -0.22009888748743145 -0.17879958643293803 -0.045648384382889692 -0.15122020235449826 -0.26092190977525459 0.11905241561368868 -0.14669897422044151 0.10234272798500227 -0.066858316990937791 -0.081634975352694275 -0.022465401682001701 -0.12712182351971452 -0.13721742759997618 -0.18757556038435297
leaf_weight=31.776723813265562 5.6402139812707901 9.1346817202866095 430.094602111727 15.127399884164332 6.7659654468297949 2.8791739009320727 4.0585039332509032 3.0649414882063848 4.982876893132925 53.601036641746759 4.3497309349477282 60.858801539987326 7.7038054391741735 8.8771235533058626
leaf_count=223 23 53 5701 79 29 50 22 46 46 476 50 454 47 46
internal_value=-0.0707597 -0.057139 -0.0528151 -0.0492354 -0.162722 -0.107418 -0.108656 -0.0914878 -0.00241957 -0.0998835 -0.129181 -0.120141 -0.17225 -0.174751
internal_weight=648.916 477.346 458.566 445.222 18.7798 12.0139 171.57 93.4256 8.04782 85.3778 78.1442 65.2085 13.344 12.9356
internal_count=7345 5982 5850 5780 132 103 1363 791 92 699 572 504 70 68
is_linear=0
shrinkage=0.1


Tree=7
num_leaves=15
num_cat=0
split_feature=0 11 3 1 6 6 1 6 6 6 6 6 5 2
split_gain=27.7008 17.1025 12.6052 12.1396 48.8374 23.1955 9.39236 8.80688 3.49712 11.7188 2.49829 0.318415 0.0718652 0.0541877
threshold=-0.44201967120170588 -1.1938146352767942 1.2518160343170168 0.42781066894531256 0.95287883281707775 -1.0701762437820432 1.2758516073226931 -1.0116626620292661 0.30885541439056402 0.98102071881294262 -0.73229667544364918 -0.99304428696632374 -0.33057761192321772 -0.66828918457031239
decision_type=2 2 2 2 2 2 2 2 2 2 2 2 2 2
left_child=2 12 6 5 -5 -3 7 -1 11 -10 -8 -4 -2 -14
right_child=1 3 8 4 -6 -7 10 -9 9 -11 -12 -13 13 -15
leaf_value=-0.099128322429647045 -0.16783805401922339 0.053148048401348492 -0.16359786098392126 -0.043149715435719986 -0.26410131064891079 -0.038287107112979266 -0.10255488542622088 -0.059949573827754371 -0.0044817071477273093 -0.19166515646929827 -0.17152244525940635 -0.1926619197410081 -0.16080128148514816 -0.14494156394385135
leaf_weight=83.244056235998869 3.8397164642810813 32.975821405649185 12.994782134890558 105.50460013002157 11.051520217210053 174.88723478093743 9.3955381363630313 184.62443444877863 6.2366006411612016 7.2128187380731106 11.910807203501461 5.3096925131976631 3.6610955260694018 5.2344587892293921
leaf_count=704 16 543 55 1448 49 2377 69 1852 79 34 54 24 16 25
internal_value=-0.0627462 -0.0427293 -0.083775 -0.038267 -0.0640997 -0.0237816 -0.0772077 -0.0721249 -0.143582 -0.104867 -0.14111 -0.172029 -0.156404 -0.151469
internal_weight=658.083 337.154 320.929 324.419 116.556 207.863 289.175 267.868 31.7539 13.4494 21.3063 18.3045 12.7353 8.89555
internal_count=7345 4474 2871 4417 1497 2920 2679 2556 192 113 123 79 57 41
is_linear=0
shrinkage=0.1


Tree=8
num_leaves=13
num_cat=0
split_feature=3 0 6 1 6 5 0 2 6 6 0 11
split_gain=24.242 20.5165 14.9195 92.9366 66.7579 5.75816 7.22102 5.67839 3.32286 10.3681 4.30822 0.415382
threshold=1.3353880047798159 -0.87888428568840016 -0.99304428696632374 -0.062731344252824769 0.95947560667991649 -1.2187147736549375 -1.2417833805084226 1.1343608498573305 1.0102778673171999 0.30885541439056402 -0.64550247788429249 0.31435789167881018
decision_type=2 2 2 2 2 2 2 2 2 2 2 2
left_child=1 5 3 -3 -4 6 -1 -7 9 11 -11 -2
right_child=8 2 4 -5 -6 7 -8 -9 -10 10 -12 -13
leaf_value=-0.12493301056137046 -0.19345506435166615 -0.25266101872408769 0.046828696578116981 -0.035791213305207577 -0.057871257241091323 -0.09720102837546224 0.0046509726586165126 -0.039437892991273302 -0.21012656076925837 -0.085556671600303488 0.064964055460025039 -0.15861648797804143
leaf_weight=6.0602442137897041 4.521118685603148 22.731450784951448 86.14552116766572 151.16707986965775 207.79759432002902 123.12717277556658 14.807424750179051 19.74818342924118 5.6018724143505088 5.4552916139364251 2.9190088063478443 14.082311298698185
leaf_count=42 19 108 1338 1971 2397 935 166 192 23 48 44 62
internal_value=-0.0559243 -0.0515852 -0.0409225 -0.0641397 -0.027187 -0.0820503 -0.0329819 -0.089217 -0.140042 -0.12549 -0.03309 -0.167083
internal_weight=664.164 631.585 467.842 173.899 293.943 163.743 20.8677 142.875 32.5796 26.9777 8.3743 18.6034
internal_count=7345 7149 5814 2079 3735 1335 208 1127 196 173 92 81
is_linear=0
shrinkage=0.1


Tree=9
num_leaves=14
num_cat=0
split_feature=3 1 11 0 6 6 6 6 6 3 4 11 6
split_gain=21.0169 19.5038 14.7453 15.7393 9.04813 3.56783 15.1509 3.10825 12.1525 4.2322 0.840786 0.265689 0.0745518
threshold=1.3353880047798159 1.2758516073226931 -0.20320373773574826 1.7784939408302309 -0.98154392838478077 -0.73229667544364918 -0.98154392838478077 0.30885541439056402 0.98102071881294262 1.5919769406318667 -1.4040043354034422 0.31435789167881018 -1.0039277076721189
decision_type=2 2 2 2 2 2 2 2 2 2 2 2 2
left_child=1 2 3 -1 -4 6 -3 11 9 -9 -7 -2 -13
right_child=7 5 4 -5 -6 10 -8 8 -10 -11 -12 12 -14
leaf_value=-0.019735191851869647 -0.17817350936970963 -0.15364486435345912 -0.076790644972827823 -0.12662773497764301 -0.042958477859041382 -0.11542209261122086 0.088723700863893584 0.054017613697681599 -0.17966228977095144 -0.13578802794064759 -0.17138069779337034 -0.14441798034489892 -0.1600020019778948
leaf_weight=264.64975894242525 4.4227021783590379 9.5415010377764684 132.11212314665318 14.531324770301579 196.81271342560649 3.4492391496896753 3.5346692390739944 4.8227018080651742 7.5597465187311172 1.5530681908130644 12.119123622775074 8.6983987540006638 4.7438616082072231
leaf_count=3743 19 48 1150 80 2008 20 49 71 33 11 51 41 21
internal_value=-0.0499619 -0.0459995 -0.0422011 -0.0252989 -0.0565471 -0.126638 -0.0881293 -0.129301 -0.0939024 0.00778302 -0.158983 -0.156913 -0.149918
internal_weight=668.551 636.75 608.106 279.181 328.925 28.6445 13.0762 31.8005 13.9355 6.37577 15.5684 17.865 13.4423
internal_count=7345 7149 6981 3823 3158 168 97 196 115 82 71 81 62
is_linear=0
shrinkage=0.1


Tree=10
num_leaves=13
num_cat=0
split_feature=3 3 5 0 6 6 3 6 6 2 4 11
split_gain=18.6262 17.0309 15.3118 12.8239 3.62518 11.9051 3.78656 3.5587 14.2828 1.0485 0.754643 0.185182
threshold=1.3097496032714846 -1.384510278701782 1.6682600975036623 -0.9036913514137267 0.99436858296394359 0.30885541439056402 1.4177523851394656 -0.73229667544364918 -0.98443678021430958 0.48630295693874365 -1.4040043354034422 0.31435789167881018
decision_type=2 2 2 2 2 2 2 2 2 2 2 2
left_child=1 7 3 -3 5 11 -7 8 -1 -4 -9 -2
right_child=4 2 9 -5 -6 6 -8 10 -10 -11 -12 -13
leaf_value=-0.14507759473992568 -0.16493022884284525 -0.0655603328302337 0.15337783775313538 -0.030983403283692347 -0.17967979599087661 0.056709089349391485 -0.074515989599794136 -0.10698691371218638 0.075242020209830146 0.069503226205277824 -0.1606848942366334 -0.14137851506931498
leaf_weight=9.8280415236949903 4.4644447714090409 139.73866308480501 3.6626809611916533 461.52714201435447 7.2803583890199652 4.6657612919807416 4.1590481214225292 3.354047119617463 4.1998228691518333 2.5129924081265926 11.911833941936489 13.237684283405541
leaf_count=50 20 1148 66 5687 31 70 38 20 58 40 52 65
internal_value=-0.0448422 -0.0410018 -0.0374103 -0.0390193 -0.117173 -0.100018 -0.00513603 -0.115476 -0.0791158 0.119248 -0.148887 -0.147318
internal_weight=670.543 636.735 607.441 601.266 33.8073 26.5269 8.82481 29.2937 14.0279 6.17567 15.2659 17.7021
internal_count=7345 7121 6941 6835 224 193 108 180 108 106 72 85
is_linear=0
shrinkage=0.1


Tree=11
num_leaves=12
num_cat=0
split_feature=3 1 5 11 2 6 6 6 6 2 4
split_gain=16.5123 14.9581 12.7002 11.3392 3.33719 2.82952 10.5836 1.87092 11.6813 0.962122 0.688163
threshold=1.3097496032714846 1.2758516073226931 1.6682600975036623 -0.51917138695716847 1.2521808147430422 -0.73229667544364918 -0.98154392838478077 0.98102071881294262 0.95947560667991649 0.48630295693874365 -1.4040043354034422
decision_type=2 2 2 2 2 2 2 2 2 2 2
left_child=1 2 3 -1 7 6 -3 8 -2 -4 -7
right_child=4 5 9 -5 -6 10 -8 -9 -10 -11 -12
leaf_value=-0.016471454576828633 -0.13429646406498424 -0.13133834400964936 0.14608541171346479 -0.045063788619736637 -0.015285780140009404 -0.0994999836044307 0.074968986142596047 -0.16112647636697414 0.083470903130104565 0.064240829428306501 -0.15179623869241066
leaf_weight=214.60388961061835 18.175016522407539 9.098698712885378 3.4708245582878581 392.17001755163074 3.3560498543083659 3.2511941418051711 3.4217298254370716 8.188807897269724 2.8494044803082934 2.4503226801753044 11.130791172385214
leaf_count=2980 102 48 66 3867 37 20 49 38 47 40 51
internal_value=-0.0402703 -0.0367335 -0.033529 -0.0349512 -0.109727 -0.109715 -0.0749563 -0.120577 -0.104783 0.112216 -0.139974
internal_weight=672.167 639.597 612.695 606.774 32.5693 26.9024 12.5204 29.2132 21.0244 5.92115 14.382
internal_count=7345 7121 6953 6847 224 168 97 187 149 106 71
is_linear=0
shrinkage=0.1


Tree=12
num_leaves=14
num_cat=0
split_feature=3 3 6 1 6 6 6 6 6 3 4 11 5
split_gain=14.6597 13.1763 11.1717 107.146 88.6648 3.04963 8.28355 2.91311 11.8544 2.90586 0.664036 0.0948414 0.0309099
threshold=1.3353880047798159 -1.384510278701782 0.95947560667991649 0.059667838737368591 -0.96939143538475026 0.30885541439056402 0.98102071881294262 -0.73229667544364918 -1.0024002790451048 1.5919769406318667 -1.4040043354034422 0.35738496482372289 0.58083581924438488
decision_type=2 2 2 2 2 2 2 2 2 2 2 2 2
left_child=1 7 4 -4 -3 11 9 8 -1 -7 -9 -2 -13
right_child=5 2 3 -5 -6 6 -8 10 -10 -11 -12 12 -14
leaf_value=-0.15613117807544352 -0.15001104827560097 -0.044713958537382727 -0.017370337005576438 -0.1853042422462593 0.079211532589646305 0.05059609277777858 -0.14777655845592316 -0.09275078125097827 0.032818435722698658 -0.10649329022974263 -0.14498372971792217 -0.13589907457683598 -0.12463849481088884
leaf_weight=7.1004522740840912 4.1161272972822216 268.13743259012699 230.17054544761777 45.50333995372057 73.57562718167901 4.7246671319007856 6.7963119670748711 3.1446262560784808 6.236972566694023 1.5684764236211775 10.768823876976965 7.5063887983560544 3.6100218966603279
leaf_count=32 20 2915 2678 209 1167 71 33 20 76 11 52 40 21
internal_value=-0.0362106 -0.0331169 -0.0301133 -0.0450899 -0.0180311 -0.106625 -0.0712267 -0.101167 -0.0677728 0.0114438 -0.133178 -0.137044 -0.132242
internal_weight=672.96 644.638 617.387 275.674 341.713 28.322 13.0895 27.2509 13.3374 6.29314 13.9135 15.2325 11.1164
internal_count=7345 7149 6969 2887 4082 196 115 180 108 82 72 81 61
is_linear=0
shrinkage=0.1


Tree=13
num_leaves=16
num_cat=0
split_feature=3 1 11 0 6 6 1 6 6 4 0 0 4 0 11
split_gain=13.2795 11.7764 10.8891 13.9359 3.2038 11.0761 4.36773 2.33393 8.03034 0.635387 0.449872 0.142789 0.100392 0.0564063 0.045345
threshold=1.3097496032714846 1.2758516073226931 -1.1938146352767942 0.60774904489517223 0.30885541439056402 0.98102071881294262 -1.7231847047805784 -0.73229667544364918 -0.97645851969718922 -1.4040043354034422 -0.56832188367843617 2.9346764087677006 -1.1049700379371641 -0.75511884689331044 1.7207072973251345
decision_type=2 2 2 2 2 2 2 2 2 2 2 2 2 2 2
left_child=1 2 11 -4 12 6 -6 8 -3 -9 -7 -1 14 -14 -2
right_child=4 7 3 -5 5 10 -8 9 -10 -11 -12 -13 13 -15 -16
leaf_value=-0.11907601790684529 -0.11286705133153994 -0.11108783359658894 -0.033070960407723719 0.0041394254557389288 -0.13390298936455677 -0.11854372380822453 0.06467490530776096 -0.086588246541198358 0.082976940029134638 -0.1388648791780531 -0.16645749448510161 -0.14322237428746484 -0.13016569913146331 -0.14694387626610561 -0.12922341815385249
leaf_weight=4.7633841149508935 3.0866298153996459 9.0015127472579461 479.04534585028887 127.41976449266076 1.3756827488541601 3.4344325587153435 5.6844760328531247 3.0372747071087352 2.7941289246082333 9.9142807275056821 4.5633181482553482 5.0405397266149521 4.1149605959653845 3.9054096490144756 3.7592390775680542
leaf_count=26 20 54 4995 1908 8 20 91 20 43 51 20 24 24 19 22
internal_value=-0.0326988 -0.0296592 -0.0269431 -0.025253 -0.0978126 -0.0653008 0.0259817 -0.0972978 -0.0651181 -0.126605 -0.145882 -0.131491 -0.130743 -0.138336 -0.121849
internal_weight=670.94 641.016 616.269 606.465 29.9241 15.0579 7.06016 24.7472 11.7956 12.9516 7.99775 9.80392 14.8662 8.02037 6.84587
internal_count=7345 7121 6953 6903 224 139 99 168 97 71 40 50 85 43 42
is_linear=0
shrinkage=0.1


Tree=14
num_leaves=14
num_cat=0
split_feature=0 11 6 1 6 5 5 6 5 1 1 11 11
split_gain=12.3297 11.9034 9.57097 79.8772 52.4209 4.33647 5.25684 4.17272 3.57011 2.90389 2.74166 0.549986 0.157772
threshold=-0.9036913514137267 -1.1938146352767942 0.97297811508178722 0.06999517604708673 -0.96939143538475026 0.23687952011823657 0.01285806391388178 0.97165754437446605 -1.6382395029067991 -0.99838370084762562 -0.80587083101272572 1.9781991839408877 -1.3454142212867735
decision_type=2 2 2 2 2 2 2 2 2 2 2 2 2
left_child=5 12 4 -4 -3 6 8 -8 -1 11 -11 -7 -2
right_child=1 2 3 -5 -6 9 7 -9 -10 10 -12 -13 -14
leaf_value=0.046946443583236408 -0.1384754596777629 -0.032475689188844484 -0.009678474982553583 -0.18198539771807831 0.065987234895779553 -0.1375834779480479 0.13051214809337464 -0.017830526751971922 -0.050985413914520689 0.01152940156169583 -0.069307303438353493 -0.088196013026684533 -0.11392592277352753
leaf_weight=3.909333359450101 5.6289784759283066 215.28509459644556 176.91175204887986 31.729282956570387 72.205122116953135 6.771704897284506 3.0518907196819764 5.0074936300516129 77.887087143957615 4.5198881551623336 58.481615584343672 3.3804926909506321 4.8937713243067247
leaf_count=48 29 2490 2146 144 1174 40 45 46 639 49 442 25 28
internal_value=-0.0295072 -0.0218106 -0.0195783 -0.0358822 -0.00774606 -0.0534292 -0.0387126 0.0383432 -0.0463049 -0.0715058 -0.0635079 -0.121138 -0.127058
internal_weight=669.664 506.654 496.131 208.641 287.49 163.01 89.8558 8.05938 81.7964 73.1537 63.0015 10.1522 10.5227
internal_count=7345 6011 5954 2290 3664 1334 778 91 687 556 491 65 57
is_linear=0
shrinkage=0.1


Tree=15
num_leaves=16
num_cat=0
split_feature=3 1 5 11 6 6 3 6 6 2 4 0 4 0 0
split_gain=12.3715 9.98357 9.33018 8.41171 2.92167 9.30952 2.87166 2.14363 7.49909 0.938637 0.639411 0.379135 0.0932224 0.0449979 0.0408995
threshold=1.3097496032714846 1.2758516073226931 1.6682600975036623 -1.1938146352767942 0.30885541439056402 0.98102071881294262 1.4177523851394656 -0.73229667544364918 -1.0024002790451048 0.48630295693874365 -1.4040043354034422 -0.56832188367843617 -1.1049700379371641 -0.65927368402481068 -1.2073596119880674
decision_type=2 2 2 2 2 2 2 2 2 2 2 2 2 2 2
left_child=1 2 3 -1 12 6 -6 8 -3 -4 -9 -7 14 -14 -2
right_child=4 7 9 -5 5 11 -8 10 -10 -11 -12 -13 13 -15 -16
leaf_value=-0.11992958356195134 -0.1245511946442512 -0.13878498724230068 0.14182337927888025 -0.021181582214572992 0.088241574422986857 -0.11094916281453203 -0.041574967472987584 -0.077457351775470806 0.024265747025921047 0.058993837320949254 -0.13184526811949276 -0.15635026715693245 -0.12567550919700327 -0.14138611962511718 -0.10821305860190447
leaf_weight=8.7517939247190935 3.0639649033546448 5.6545329540967941 3.2481336630880824 601.9021805152297 3.4477497488260251 3.1839118637144566 3.3692120984196663 2.8616192005574694 5.6284811496734637 2.3637554161250591 8.8364289253950101 4.3554827272891998 3.857186958193779 3.4570363610982913 3.0647985003888607
leaf_count=50 20 29 66 6797 64 20 35 20 68 40 51 20 25 18 22
internal_value=-0.0266705 -0.0238306 -0.0214173 -0.0225968 -0.0919761 -0.0606054 0.0240811 -0.0885459 -0.0574479 0.106935 -0.118541 -0.137177 -0.125478 -0.133101 -0.116381
internal_weight=667.046 639.247 616.266 610.654 27.7993 14.3564 6.81696 22.9811 11.283 5.61189 11.698 7.53939 13.443 7.31422 6.12876
internal_count=7345 7121 6953 6847 224 139 99 168 97 106 71 40 85 43 42
is_linear=0
shrinkage=0.1


Tree=16
num_leaves=12
num_cat=0
split_feature=3 3 6 1 6 6 6 0 0 4 0
split_gain=11.132 8.98 8.67855 81.2955 65.8834 2.51852 5.25586 2.0392 0.553621 0.0505087 0.0331297
threshold=1.3353880047798159 -1.6521806120872495 0.95947560667991649 0.059667838737368591 -0.96939143538475026 0.30885541439056402 0.98102071881294262 -0.64550247788429249 -1.1424193978309629 -1.1049700379371641 -0.82357233762741078
decision_type=2 2 2 2 2 2 2 2 2 2 2
left_child=1 8 4 -4 -3 9 7 -7 -1 -2 -11
right_child=5 2 3 -5 -6 6 -8 -9 -10 10 -12
leaf_value=-0.083325471835156262 -0.11630480545185369 -0.031798135758921466 -0.008737312831764146 -0.15151863556296721 0.074865122687937588 -0.038858485733360308 -0.12702263882490658 0.08159859459619867 -0.13525451695164176 -0.12205610092522855 -0.1361382112207726
leaf_weight=3.0260714888572693 5.3241703286767006 279.66169521585107 231.89522456750274 48.158563043922186 73.031508661806583 3.6481408216059208 5.6809597611427307 2.2860507853329164 6.3845850080251676 3.2225697189569473 3.4690605998039263
leaf_count=22 39 2978 2678 236 1197 39 33 43 38 23 19
internal_value=-0.0240701 -0.0215897 -0.0201475 -0.0332903 -0.00971158 -0.091476 -0.0582716 0.00754564 -0.118556 -0.123573 -0.129357
internal_weight=665.789 642.158 632.747 280.054 352.693 23.631 11.6152 5.93419 9.41066 12.0158 6.69163
internal_count=7345 7149 7089 2914 4175 196 115 82 60 81 42
is_linear=0
shrinkage=0.1


Tree=17
num_leaves=16
num_cat=0
split_feature=3 0 11 2 5 0 6 6 6 1 0 11 4 0 0
split_gain=9.99601 8.45718 9.07208 7.83288 4.16019 5.86396 4.16444 2.65347 7.42463 3.00259 0.302688 0.159046 0.0669974 0.0442085 0.0213584
threshold=1.3097496032714846 -0.9036913514137267 -1.1938146352767942 -1.3813010454177854 -1.2187147736549375 -1.2417833805084226 -1.0991895794868467 0.30885541439056402 0.98102071881294262 -1.7231847047805784 -0.56832188367843617 -1.3454142212867735 -1.1049700379371641 -1.1826003789901731 -0.65927368402481068
decision_type=2 2 2 2 2 2 2 2 2 2 2 2 2 2 2
left_child=1 4 11 -4 5 -1 -6 12 9 -9 -10 -3 13 -2 -14
right_child=7 2 3 -5 6 -7 -8 8 10 -11 -12 -13 14 -15 -16
leaf_value=-0.080658049637886337 -0.11926296743238969 -0.12860791968130034 0.030469817765346931 -0.015143889168500331 0.048550139441741635 0.040685295350512796 -0.050191158196358721 -0.11318657443603251 -0.10210844978179484 0.05503350731027349 -0.14497123410583387 -0.10138345807976919 -0.12013873501072636 -0.10096655239533413 -0.13176686300067991
leaf_weight=5.7351660616695908 2.7469551935791969 4.2792968899011612 41.174813823774457 439.4029647000134 4.423376999795436 13.032088655978439 124.22356896102428 1.3248710185289381 2.8206322565674782 5.3287234380841237 3.9613866955041885 4.3042785935103876 3.2940183132886887 2.5433141924440861 3.0350068956613558
leaf_count=42 21 25 564 5257 47 150 1008 8 20 91 20 28 25 21 18
internal_value=-0.0218219 -0.0193833 -0.0130558 -0.0112358 -0.0403797 0.00360346 -0.0467961 -0.083778 -0.0535143 0.0215373 -0.127145 -0.114956 -0.118772 -0.110467 -0.125715
internal_weight=661.63 636.576 489.161 480.578 147.414 18.7673 128.647 25.0549 13.4356 6.65359 6.78202 8.58358 11.6193 5.29027 6.32903
internal_count=7345 7121 5874 5821 1247 192 1055 224 139 99 40 53 85 42 43
is_linear=0
shrinkage=0.1


Tree=18
num_leaves=12
num_cat=0
split_feature=3 3 5 6 2 6 6 0 0 5 0
split_gain=9.01255 7.82121 7.304 7.20104 5.36669 2.2919 4.05483 1.61041 0.549774 0.0395866 0.0186488
threshold=1.3353880047798159 -1.6521806120872495 -1.2502642869949339 -1.0733043551445005 -0.90390542149543751 0.30885541439056402 0.98102071881294262 -0.64550247788429249 -1.1424193978309629 0.72868856787681591 -0.82357233762741078
decision_type=2 2 2 2 2 2 2 2 2 2 2
left_child=1 8 4 -4 -3 9 7 -7 -1 10 -2
right_child=5 2 3 -5 -6 6 -8 -9 -10 -11 -12
leaf_value=-0.075182608342551124 -0.11768309590898827 0.069385205046656448 0.014348734235983549 -0.024194518757606944 0.00025136637080613015 -0.035546271487671359 -0.11792101621661902 0.073679027771509489 -0.12869789243284166 -0.10741592816869981 -0.12794256758470138
leaf_weight=2.8382819257676601 4.7772095575928688 13.466570824384688 53.7322146743536 495.22262473963201 67.565437979996204 3.6094667464494705 4.974541537463665 2.1562513224780542 5.9313764050602895 2.7134106419980526 2.8162015452981013
leaf_count=22 39 197 643 5452 797 39 33 43 38 24 18
internal_value=-0.019712 -0.0175905 -0.016285 -0.0204219 0.0117406 -0.0840975 -0.0517711 0.00530158 -0.111378 -0.117783 -0.121488
internal_weight=659.804 638.757 629.987 548.955 81.032 21.0471 10.7403 5.76572 8.76966 10.3068 7.59341
internal_count=7345 7149 7089 6095 994 196 115 82 60 81 57
is_linear=0
shrinkage=0.1


Tree=19
num_leaves=15
num_cat=0
split_feature=0 0 6 1 6 1 6 3 2 2 6 0 11 0
split_gain=8.67565 11.1283 8.6494 47.4078 34.7885 42.6197 17.4551 10.1424 5.45891 12.5413 5.94855 3.70345 0.81105 0.231963
threshold=0.14181464910507205 1.7784939408302309 -0.98154392838478077 -0.062731344252824769 0.94412010908126842 0.04525172337889672 -1.0733043551445005 1.2955002784729006 -0.85440516471862782 -1.3478853106498716 1.0870413184165957 -0.34375429153442377 -1.1938146352767942 2.9346764087677006
decision_type=2 2 2 2 2 2 2 2 2 2 2 2 2 2
left_child=2 8 3 11 7 -6 -5 -4 9 -2 -10 -1 13 -3
right_child=1 12 4 6 5 -7 -8 -9 10 -11 -12 -13 -14 -15
leaf_value=-0.12574267617463059 0.038287637291880394 -0.095543126662329517 0.060478585661077111 0.056992701823324624 -0.010592178356950387 -0.12482438320228627 -0.033115013662031054 -0.084516851219099354 0.018177177744706764 -0.055133507891957784 -0.055399108990171621 -0.20752632130633175 -0.05713812054906197 -0.12900185041210985
leaf_weight=33.021116353571415 22.21788776665926 3.9117599278688413 59.5274005420506 26.915215015411377 145.20682762563229 42.139817446470261 106.81107098981738 5.2497096061706534 146.92168090492487 40.681348543614149 11.876691512763498 6.652477800846099 3.7285535000264636 4.4057631269097328
leaf_count=202 338 27 877 332 1491 240 985 45 2115 491 117 28 29 28
internal_value=-0.0177655 -0.00228758 -0.0262676 -0.0434591 -0.0144441 -0.0362864 -0.0149789 0.0487278 0.00279853 -0.0221344 0.0126743 -0.139456 -0.0958931 -0.113266
internal_weight=659.267 233.744 425.524 173.4 252.124 187.347 133.726 64.7771 221.698 62.8992 158.798 39.6736 12.0461 8.31752
internal_count=7345 3145 4200 1547 2653 1731 1317 922 3061 829 2232 230 84 55
is_linear=0
shrinkage=0.1


Tree=20
num_leaves=11
num_cat=0
split_feature=0 11 0 5 6 2 1 6 6 11
split_gain=7.47829 7.70451 8.72042 6.39467 6.30078 3.03046 1.48633 4.15588 2.92334 0.212501
threshold=-1.2417833805084226 -1.1938146352767942 0.60774904489517223 -1.3668455481529234 0.97297811508178722 -1.5248694419860838 0.33962959051132208 0.7358645796775819 -0.56077364087104786 -1.3454142212867735
decision_type=2 2 2 2 2 2 2 2 2 2
left_child=5 9 4 -4 -3 -1 8 -8 -7 -2
right_child=1 2 3 -5 -6 6 7 -9 -10 -11
leaf_value=0.093039344564521662 -0.12552235985338839 -0.0084587938791621867 0.080172663106171271 0.003738206789637372 -0.031896004211870353 -0.082291529209590736 -0.047160323755126667 -0.14739602042981589 -0.012281705059304862 -0.093249183578966111
leaf_weight=1.3184535801410664 4.1832423731684685 271.16307424008846 12.043234776705502 120.09478644840419 198.79959530383348 11.079339411109686 11.714837245643141 6.3939927257597438 12.918974332511425 3.9825870431959611
leaf_count=16 29 3062 209 1721 1947 82 95 35 120 29
internal_value=-0.0161533 -0.0133001 -0.0119916 0.0107045 -0.018373 -0.0562493 -0.0609238 -0.0825522 -0.0446033 -0.109782
internal_weight=653.692 610.267 602.101 132.138 469.963 43.4256 42.1071 18.1088 23.9983 8.16583
internal_count=7345 6997 6939 1930 5009 348 332 130 202 58
is_linear=0
shrinkage=0.1


Tree=21
num_leaves=12
num_cat=0
split_feature=3 3 0 11 6 6 2 6 6 0 6
split_gain=7.52743 6.79952 6.21206 8.97845 3.20306 7.96208 0.869205 0.762978 1.21197 0.00651369 0.00151103
threshold=1.4177523851394656 -1.384510278701782 1.7784939408302309 -0.88433420658111561 -1.0024002790451048 -0.73229667544364918 -0.24934128671884534 0.30885541439056402 0.96630594134330761 -0.82357233762741078 -1.0276672840118406
decision_type=2 2 2 2 2 2 2 2 2 2 2
left_child=1 4 3 -3 -1 -6 -4 9 -9 10 -2
right_child=7 2 6 -5 5 -7 -8 8 -10 -11 -12
leaf_value=-0.13444790854074393 -0.1114538848136756 0.020488590543873603 -0.061023410376919954 -0.014753648082659566 0.044319766205318883 -0.10425527365759224 -0.11843546157484755 -0.01504208171131482 -0.10989628945803057 -0.11981763143745697 -0.11522638188487691
leaf_weight=5.5579795688390758 2.1832441091537476 83.833767199888825 5.8405301906168461 524.95661260560155 5.9560289271175888 9.1450323574244923 4.8077758178114873 2.5564455538988113 2.8473375365138054 2.3856353089213354 2.0668792650103569
leaf_count=32 24 1327 49 5645 76 72 32 28 22 19 19
internal_value=-0.0145807 -0.0131072 -0.011225 -0.0099006 -0.0695437 -0.0456556 -0.0869453 -0.0929186 -0.0650222 -0.115636 -0.113288
internal_weight=652.137 640.098 619.439 608.79 20.659 15.1011 10.6483 12.0395 5.40378 6.63576 4.25012
internal_count=7345 7233 7053 6972 180 148 81 112 50 62 43
is_linear=0
shrinkage=0.1


Tree=22
num_leaves=11
num_cat=0
split_feature=3 3 6 1 6 6 6 3 0 6
split_gain=6.64668 6.3582 6.64511 67.3278 31.1367 0.816184 1.08318 0.392636 0.00472497 0.0015931
threshold=1.4177523851394656 -1.6521806120872495 -0.99304428696632374 -0.062731344252824769 0.95947560667991649 0.30885541439056402 0.96630594134330761 -1.8288895487785337 -0.79533389210700978 -1.0134866833686826
decision_type=2 2 2 2 2 2 2 2 2 2
left_child=1 7 3 -3 -4 8 -7 -1 9 -2
right_child=5 2 4 -5 -6 6 -8 -9 -10 -11
leaf_value=-0.12368222440189486 -0.11014158893806446 -0.14768167552500019 0.042039741623069657 -0.001219519889527414 -0.020516626391834245 -0.013530026202399632 -0.10427431712780007 -0.077628825705507123 -0.1179766009749145 -0.11408279602316494
leaf_weight=4.1888578087091446 2.1425613090395923 37.115189135074615 111.26355765759945 203.34952897951007 279.29451739788055 2.5578486397862434 2.7081068977713585 3.317354939877986 1.9780421704053859 1.967361629009247
leaf_count=30 26 202 1657 2348 2966 28 22 30 17 19
internal_value=-0.0131844 -0.0118358 -0.0107475 -0.0238256 -0.00269535 -0.0890251 -0.0601968 -0.103329 -0.113961 -0.112028
internal_weight=649.883 638.529 631.023 240.465 390.558 11.3539 5.26596 7.50621 6.08797 4.10992
internal_count=7345 7233 7173 2550 4623 112 50 60 62 45
is_linear=0
shrinkage=0.1


Tree=23
num_leaves=10
num_cat=0
split_feature=11 0 2 2 3 6 1 6 11
split_gain=5.98019 7.16643 6.46405 12.7433 5.9854 5.94813 45.6896 32.9871 0.241648
threshold=-1.1938146352767942 0.60774904489517223 -0.68467798829078663 -1.3255423903465269 -1.3089587688446043 -0.97387757897377003 -0.062731344252824769 0.86694973707199108 -1.3454142212867735
decision_type=2 2 2 2 2 2 2 2 2
left_child=8 5 3 -3 -4 6 -2 -7 -1
right_child=1 2 4 -5 -6 7 -8 -9 -10
leaf_value=-0.1210974630306325 -0.12615486555595631 0.061018509436746096 -0.13140948364650681 -0.055188362523715784 0.030469023476116741 0.064017669471013464 -0.0070188837141108087 -0.02284544521108741 -0.084244972263490384
leaf_weight=3.6399036645889282 39.471308927983046 13.421895783394573 2.3483537286519995 31.781741015613079 83.479294242337346 53.410811472684145 174.52275092154741 240.94031048938632 3.480866987258195
leaf_count=29 252 232 22 388 1288 841 1832 2432 29
internal_value=-0.011947 -0.010932 0.00992083 -0.0206841 0.0260398 -0.016307 -0.0289936 -0.0070839 -0.103083
internal_weight=646.497 639.376 131.031 45.2036 85.8276 508.345 213.994 294.351 7.12077
internal_count=7345 7287 1930 620 1310 5357 2084 3273 58
is_linear=0
shrinkage=0.1


Tree=24
num_leaves=15
num_cat=0
split_feature=3 6 6 6 1 6 1 6 6 11 1 0 0 6
split_gain=6.17654 44.7664 46.053 26.8062 54.571 52.1954 35.2808 18.0736 13.0764 7.39403 4.81004 3.52061 2.35686 1.89748
threshold=-0.47069673240184778 0.63569846749305736 -1.0701762437820432 -1.0719337463378904 -0.062731344252824769 -0.86099854111671437 0.18112345784902575 -0.96939143538475026 0.95947560667991649 1.197646498680115 0.38933877646923071 -0.78665614128112782 -0.026682386174798008 0.94412010908126842
decision_type=2 2 2 2 2 2 2 2 2 2 2 2 2 2
left_child=1 2 11 4 9 6 -5 -4 -7 -2 -6 -1 13 -3
right_child=3 12 7 5 10 8 -8 -9 -10 -11 -12 -13 -14 -15
leaf_value=-0.11210193138516306 -0.1466448847156456 -0.041909441730761991 -0.0039152103510263041 -0.15413832978797495 0.1300746109055568 0.05425181757224623 -0.0091583855075858239 0.088963597303794731 -0.0041784069607459151 0.014941319255029274 -0.047362618752898239 -0.21572453761914456 -0.17670784283585605 -0.12462236825358333
leaf_weight=5.1428519487380973 10.667525529861448 3.148932725191119 147.40792652592063 39.228078741580248 37.933049775660038 45.088548090308905 29.338510621339083 24.422481764107943 254.43593315035105 3.8553221039474002 1.5918898433446873 9.0457713082432729 8.0027862340211851 23.263680968433619
leaf_count=31 63 37 1701 236 626 747 317 449 2847 41 18 48 38 146
internal_value=-0.0108282 -0.0243956 -0.00501207 -0.00374343 0.0620191 -0.0133995 -0.0921038 0.00928578 0.00461731 -0.103749 0.122928 -0.178165 -0.129166 -0.114761
internal_weight=642.573 220.434 186.019 422.139 54.0478 368.091 68.5666 171.83 299.524 14.5228 39.5249 14.1886 34.4154 26.4126
internal_count=7345 2450 2229 4895 748 4147 553 2150 3594 104 644 79 221 183
is_linear=0
shrinkage=0.1


Tree=25
num_leaves=10
num_cat=0
split_feature=3 1 5 5 6 6 2 3 6
split_gain=5.71233 5.6795 6.14927 6.62796 3.07186 7.18599 1.00796 0.441166 0.229838
threshold=-1.6521806120872495 -1.1828770041465757 1.6682600975036623 1.5077533125877383 0.30885541439056402 0.97724977135658275 0.48630295693874365 -1.8288895487785337 -0.79695644974708546
decision_type=2 2 2 2 2 2 2 2 2
left_child=7 4 3 -3 8 -6 -4 -1 -2
right_child=1 2 6 -5 5 -7 -8 -9 -10
leaf_value=-0.12295773969294904 -0.1027687111597357 -0.0055658431031019306 0.13949541376210453 -0.053059716169663595 0.028655025318798894 -0.11326728597084708 0.050089571570662399 -0.07198117903158259 -0.14500566380227314
leaf_weight=3.8459049910306931 5.4893257282674313 571.28666573390365 2.9741636719554654 30.976866830140352 8.2514481879770738 6.2852114625275126 2.1891654506325722 3.0393685288727275 1.6834769397974039
leaf_count=30 76 6616 66 303 128 46 39 30 11
internal_value=-0.00986468 -0.00887326 -0.00707703 -0.00800865 -0.0591313 -0.0327079 0.101589 -0.100455 -0.112682
internal_weight=636.022 629.136 607.427 602.264 21.7095 14.5367 5.16333 6.88527 7.1728
internal_count=7345 7285 7024 6919 261 174 105 60 87
is_linear=0
shrinkage=0.1


Tree=26
num_leaves=10
num_cat=0
split_feature=11 0 5 2 2 1 6 6 11
split_gain=5.33675 5.48027 5.84509 8.12679 4.75546 2.30803 3.62143 3.07741 0.265096
threshold=-1.1938146352767942 -1.2417833805084226 -1.2502642869949339 -0.92532986402511586 -0.82757169008254994 0.33962959051132208 0.7358645796775819 1.0009193420410158 -1.3454142212867735
decision_type=2 2 2 2 2 2 2 2 2
left_child=8 5 4 -4 -3 7 -7 -2 -1
right_child=1 2 3 -5 -6 6 -8 -9 -10
leaf_value=-0.11903450407819201 -0.050306711438261653 0.070657827938359438 -0.031055570815200148 -0.0020497032014325299 0.0079067798275907035 -0.039504990802951639 -0.13852309072033561 0.025278807667568744 -0.078582020541917513
leaf_weight=3.2999982424080372 15.168756257742645 15.080144200474022 129.15347777865827 383.14956936985254 60.637900341302156 11.239646445959808 5.5015483535826197 8.3525826558470708 3.1821088902652255
leaf_count=29 134 231 1429 4530 749 95 35 84 29
internal_value=-0.00890443 -0.00797308 -0.00552922 -0.00936219 0.0204044 -0.0436649 -0.0720447 -0.0234658 -0.0991761
internal_weight=634.766 628.284 588.021 512.303 75.718 40.2625 16.7412 23.5213 6.48211
internal_count=7345 7287 6939 5959 980 348 130 218 58
is_linear=0
shrinkage=0.1


Tree=27
num_leaves=12
num_cat=0
split_feature=3 3 6 6 6 6 1 0 5 2 0
split_gain=5.10103 5.82284 38.5869 37.5276 23.4368 50.9607 45.6648 1.97988 0.690357 0.510874 0.447564
threshold=1.4177523851394656 -0.47069673240184778 0.63569846749305736 -1.0701762437820432 -1.066481828689575 -0.86099854111671437 -0.062731344252824769 -0.18270760774612424 -0.99885818362236012 0.6290031671524049 -0.68287101387977589
decision_type=2 2 2 2 2 2 2 2 2 2 2
left_child=1 2 3 -1 6 -6 -3 -4 -2 10 -10
right_child=8 4 7 -5 5 -7 -8 -9 9 -11 -12
leaf_value=-0.15910340810224263 -0.030374917404733061 -0.10025481633707822 -0.10676964778683984 0.010307881140491318 -0.095765517376776146 0.0072810995475255796 0.10867829481289489 -0.16337048507125948 -0.13017536803765054 -0.046610114331327564 -0.069967186266637491
leaf_weight=14.158146820962427 2.0435357913374901 13.715455263853071 23.621202308684591 171.0328222848475 57.420868642628193 292.26150341331959 44.083612082526088 8.3699282854795438 3.7731095738708968 1.612790200859308 1.8351591676473602
leaf_count=79 25 91 178 2150 436 3535 721 43 44 20 23
internal_value=-0.00803076 -0.00693832 -0.020163 -0.00264388 0.00011028 -0.00964005 0.0590994 -0.121578 -0.0816886 -0.0962102 -0.110474
internal_weight=633.928 624.664 217.182 185.191 407.481 349.682 57.7991 31.9911 9.26459 7.22106 5.60827
internal_count=7345 7233 2450 2229 4783 3971 812 221 112 87 67
is_linear=0
shrinkage=0.1


Tree=28
num_leaves=10
num_cat=0
split_feature=3 2 2 6 1 1 0 3 3
split_gain=4.82248 4.65207 11.1526 8.4187 22.1464 12.1181 7.40193 7.21858 0.475843
threshold=-1.6521806120872495 0.70295706391334545 0.56584233045578014 0.91050714254379284 -0.11053625494241713 -0.1306490674614906 -0.65291756391525257 -1.043141722679138 -1.8288895487785337
decision_type=2 2 2 2 2 2 2 2 2
left_child=8 2 6 5 -5 -3 -2 -4 -1
right_child=1 3 7 4 -6 -7 -8 -9 -10
leaf_value=-0.12016444386853745 -0.024889565114584487 -0.042748104399908775 -0.16587057988479922 0.012099324617531035 -0.11311919270706555 0.050193390288825607 0.0028474639995501958 -0.045201607477392346 -0.064649047543045554
leaf_weight=3.3907055594027042 149.96607316657901 17.844587743282318 5.9368187114596358 66.597255995497108 17.926119063049555 65.602162085473537 268.40988184697926 30.052444934844971 2.8347849994897834
leaf_count=30 1452 205 38 825 123 907 3427 308 30
internal_value=-0.00730909 -0.00643303 -0.0116899 0.0077869 -0.0144576 0.0303184 -0.00709482 -0.0651073 -0.0948854
internal_weight=628.561 622.335 454.365 167.97 84.5234 83.4467 418.376 35.9893 6.22549
internal_count=7345 7285 5225 2060 948 1112 4879 346 60
is_linear=0
shrinkage=0.1


Tree=29
num_leaves=10
num_cat=0
split_feature=11 6 1 6 1 6 1 0 11
split_gain=4.82109 4.45708 46.8884 25.9639 58.6751 13.425 6.96898 5.71675 0.277083
threshold=-1.1938146352767942 -0.96939143538475026 -0.062731344252824769 0.63569846749305736 0.059667838737368591 -1.0733043551445005 1.5177929997444155 -0.34375429153442377 -1.3454142212867735
decision_type=2 2 2 2 2 2 2 2 2
left_child=8 2 7 6 -5 -4 -3 -2 -1
right_child=1 3 5 4 -6 -7 -8 -9 -10
leaf_value=-0.11725367243065926 -0.090828302543257203 0.086608244091942774 0.049881558162346858 0.010001894079766462 -0.11289386257668484 -0.010504421729173621 -0.10312983573355844 -0.17296778789696302 -0.074200983071870855
leaf_weight=3.023098710924387 24.796265013515949 38.420970804989338 45.793073927983642 263.04347115010023 45.580842938274145 187.81412699073553 2.0385070443153372 12.871483981609343 2.9571898132562628
leaf_count=29 211 710 676 3203 323 2088 15 61 29
internal_value=-0.00660764 -0.00574623 -0.0153615 0.00172588 -0.00814863 0.0013328 0.0770485 -0.118896 -0.0959646
internal_weight=626.339 620.359 271.275 349.084 308.624 233.607 40.4595 37.6677 5.98029
internal_count=7345 7287 3036 4251 3526 2764 725 272 58
is_linear=0
shrinkage=0.1


Tree=30
num_leaves=15
num_cat=0
split_feature=3 6 6 3 6 6 6 6 1 2 1 4 11 6
split_gain=4.26877 15.56 12.809 5.19673 28.3014 30.9927 18.9267 31.1629 29.9505 3.20911 2.26723 1.07644 0.719378 0.243312
threshold=1.2407054901123049 0.97843542695045482 0.30885541439056402 -0.47069673240184778 0.94412010908126842 -1.0701762437820432 -1.0719337463378904 -0.86099854111671437 -0.2220552787184715 1.4204682111740115 -1.1715653538703916 -1.3498644828796384 0.34158608317375189 -0.79695644974708546
decision_type=2 2 2 2 2 2 2 2 2 2 2 2 2 2
left_child=3 2 13 4 5 -1 8 -8 -5 -4 12 -6 -3 -2
right_child=1 10 9 6 11 -7 7 -9 -10 -11 -12 -13 -14 -15
leaf_value=-0.14695465120948667 -0.099022178616992126 -0.13482840023007284 0.079849200403277754 -0.13060382334950893 -0.071112384966667386 0.008040846028673776 -0.070465301458635707 0.0089508217544039745 0.094715189144369064 -0.044412200007916042 -0.2058563236333687 -0.12775023431269525 -0.063834587360799305 -0.14426982274633396
leaf_weight=13.939918160438536 5.0075033959001303 3.7191039435565472 12.068215679377316 6.9034997522830954 4.0234187990427044 173.0884671844542 60.483573000878096 269.89570886082947 40.560465224087238 2.5107005778700104 3.8420566618442518 20.218338932842016 2.3162074312567711 1.5582374781370223
leaf_count=79 82 24 196 39 38 2190 498 3280 686 37 19 143 23 11
internal_value=-0.00603198 -0.0421873 0.0062177 -0.00412808 -0.0166884 -0.00351154 0.00289502 -0.00558814 0.0619432 0.0584496 -0.145809 -0.11835 -0.107583 -0.109761
internal_weight=620.135 31.022 21.1447 589.113 211.27 187.028 377.843 330.379 47.464 14.5789 9.87737 24.2418 6.03531 6.56574
internal_count=7345 392 326 6953 2450 2269 4503 3778 725 233 66 181 47 93
is_linear=0
shrinkage=0.1


Tree=31
num_leaves=9
num_cat=0
split_feature=11 3 5 5 1 5 0 11
split_gain=4.31499 4.07043 4.28802 6.08619 1.48796 0.653188 0.481965 0.281371
threshold=-1.1938146352767942 1.4177523851394656 1.6347052454948428 1.5237694978713991 -0.74148684740066517 -0.79342809319496144 -0.60325834155082692 -1.3454142212867735
decision_type=2 2 2 2 2 2 2 2
left_child=7 2 3 -2 -4 -3 -7 -1
right_child=1 5 4 -5 -6 6 -8 -9
leaf_value=-0.11547247225307281 -0.0026057776931211912 -0.029065191835665933 -0.013531845465513007 -0.052316608631804234 0.088931245978330506 -0.11014187871279708 -0.04386998079325416 -0.070580161873866121
leaf_weight=2.7892736233770847 566.85892632603645 2.1805648468434811 1.8024097401648758 25.747498380020261 6.6329968404024822 4.3146176971495152 1.4716885499656189 2.7953789234161368
leaf_count=29 6775 31 29 251 122 58 21 29
internal_value=-0.0055015 -0.00469911 -0.00375787 -0.00476561 0.0670378 -0.0757087 -0.0932863 -0.0930018
internal_weight=614.593 609.009 601.042 592.606 8.43541 7.96687 5.78631 5.58465
internal_count=7345 7287 7177 7026 151 110 79 58
is_linear=0
shrinkage=0.1


Tree=32
num_leaves=16
num_cat=0
split_feature=2 2 5 6 0 5 5 0 6 1 6 11 6 3 2
split_gain=4.10041 11.5262 8.50586 8.41904 8.35286 7.50736 5.95282 4.48534 5.07819 27.0765 17.8602 2.66238 2.43682 1.78104 0.841622
threshold=-0.93627092242240895 -1.3813010454177854 -0.36198030412197107 -1.066481828689575 -0.70778965950012196 -1.2502642869949339 0.52863356471061718 -1.2509848475456236 -0.99431979656219471 -0.062731344252824769 0.95947560667991649 0.99808445572853099 -1.0216983556747434 0.87403583526611339 -0.47672241926193232
decision_type=2 2 2 2 2 2 2 2 2 2 2 2 2 2 2
left_child=1 2 4 -4 -1 11 -7 12 9 -9 -10 -3 14 -14 -2
right_child=7 5 3 -5 -6 6 -8 8 10 -11 -12 -13 13 -15 -16
leaf_value=-0.012254480743168941 0.066991278362007731 0.083958974664570959 0.16479864609713427 -0.024506065034980599 0.12635471869821746 -0.066494748330636719 -0.007625473022680399 -0.11360592721859758 0.052303085084838434 0.0041003866333255085 -0.0052312086318609561 -0.055634023595315267 -0.071261460231125118 0.016833707827381153 -0.011053574779101114
leaf_weight=7.1094157025218037 1.8695356436073778 6.0738561488687983 2.5266390219330779 33.473118068650365 11.191598955541847 60.42508889734745 23.999122560024261 22.5500383451581 74.214437933638692 146.55862558074296 197.65151277370751 1.7628343366086481 16.529758952558044 2.6649114452302447 5.2957867458462742
leaf_count=74 22 103 47 377 214 587 279 171 1233 1768 2236 17 132 34 51
internal_value=-0.00496101 -0.0195549 0.0169994 -0.0112197 0.072509 -0.0410691 -0.0497601 -0.000384205 0.00201104 -0.0115953 0.0104746 0.052558 -0.0404541 -0.0590307 0.00930945
internal_weight=613.896 146.562 54.3008 35.9998 18.301 92.2609 84.4242 467.335 440.975 169.109 271.866 7.83669 26.36 19.1947 7.16532
internal_count=7345 1698 712 424 288 986 866 5647 5408 1939 3469 120 239 166 73
is_linear=0
shrinkage=0.1


Tree=33
num_leaves=13
num_cat=0
split_feature=0 0 2 2 1 2 5 3 1 0 6 6
split_gain=3.9192 5.10535 5.12325 5.76745 3.14506 2.8442 2.60227 2.42797 1.35104 1.0626 0.897047 0.702762
threshold=1.6573396325111391 1.2420101761817934 -1.6694449782371519 -0.92532986402511586 1.1803893446922304 1.6395086050033572 -0.33057761192321772 -0.077423654496669755 0.39813062548637396 1.9511928558349612 -0.47677174210548395 1.0490256547927859
decision_type=2 2 2 2 2 2 2 2 2 2 2 2
left_child=1 2 10 -4 5 -3 8 9 -2 -8 -1 -9
right_child=6 4 3 -5 -6 -7 7 11 -10 -11 -12 -13
leaf_value=0.057718215994477989 -0.057144415238095041 0.04884967176028425 -0.024410532806459866 -0.00060023773086599326 -0.11535391712191496 -0.065116897648604163 0.10101395986644737 -0.036454095701055046 -0.16220814916100346 -0.020273703766189165 0.17449595222012149 -0.11541210949794421
leaf_weight=1.0664078220725062 2.1853062957525253 30.171192714944482 133.4552544131875 427.95724725909531 1.3470346964895714 2.3611763194203368 1.6616760306060316 2.8713198080658895 2.7821871191263199 1.2777900639921425 1.7167753167450417 1.8557960614562032
leaf_count=16 25 521 1479 5107 17 31 29 33 20 17 34 16
internal_value=-0.00448959 -0.00332526 -0.00558932 -0.00626026 0.0343783 0.0405781 -0.0596068 -0.0230749 -0.115988 0.04829 0.129751 -0.0674518
internal_weight=610.709 598.075 564.196 561.413 33.8794 32.5324 12.6341 7.66658 4.96749 2.93947 2.78318 4.72712
internal_count=7345 7205 6636 6586 569 552 140 95 45 46 50 49
is_linear=0
shrinkage=0.1


Tree=34
num_leaves=10
num_cat=0
split_feature=3 3 5 5 2 2 5 11 4
split_gain=3.77282 3.56976 3.51581 4.85839 1.34502 0.77218 0.719176 0.594512 0.0486807
threshold=-1.6521806120872495 1.4177523851394656 1.6347052454948428 1.5237694978713991 1.0160364508628847 1.111334025859833 -0.95236235857009877 1.6064490675926211 -0.41504016518592829
decision_type=2 2 2 2 2 2 2 2 2
left_child=7 2 3 -2 -4 6 -3 8 -1
right_child=1 5 4 -5 -6 -7 -8 -9 -10
leaf_value=-0.097045078927014153 -0.0013962473897049595 -0.028846523201340943 0.04310448048862528 -0.046022116249459934 0.14655696793068926 0.0025253995713592531 -0.10467012842995355 -0.036223928255485115 -0.11965482439862561
leaf_weight=1.8631510250270367 563.23428038693964 1.695658069103956 6.5887757539749128 25.500540448352695 1.5529613569378851 1.2012232616543768 4.7692658342421046 1.6161844953894613 1.9478613529354325
leaf_count=19 6772 23 118 251 32 19 70 20 21
internal_value=-0.00404267 -0.0032975 -0.00242663 -0.00332918 0.0628371 -0.0711022 -0.0847827 -0.0870477 -0.108601
internal_weight=609.97 604.543 596.877 588.735 8.14174 7.66615 6.46492 5.4272 3.81101
internal_count=7345 7285 7173 7023 150 112 93 60 40
is_linear=0
shrinkage=0.1


Tree=35
num_leaves=10
num_cat=0
split_feature=11 3 6 6 6 6 1 4 11
split_gain=3.51682 3.53303 25.0882 25.9325 16.6691 32.5194 30.293 1.07931 0.312228
threshold=-1.1938146352767942 -0.47069673240184778 0.94412010908126842 -1.0701762437820432 -1.066481828689575 -0.86099854111671437 -0.2220552787184715 -1.3498644828796384 -1.3454142212867735
decision_type=2 2 2 2 2 2 2 2 2
left_child=8 2 3 -2 6 -6 -3 -4 -1
right_child=1 4 7 -5 5 -7 -8 -9 -10
leaf_value=-0.11333165044184662 -0.13551357489635396 -0.12227116404795982 -0.065351225543217484 0.0090225936754602405 -0.076087597691552253 0.0078765212595014924 0.087592928040905182 -0.12426498614122228 -0.062949095290562557
leaf_weight=2.4313569143414497 13.387861140072344 8.1405170597136003 3.7442228980362442 170.5440364331007 54.81469938158989 291.03598280064762 44.350934892892838 18.348394636064768 2.4894033912569276
leaf_count=29 77 69 38 2174 464 3566 758 141 29
internal_value=-0.00364587 -0.00296034 -0.0135918 -0.00149777 0.0025383 -0.00543115 0.0550466 -0.11428 -0.0878432
internal_weight=609.287 604.367 206.025 183.932 398.342 345.851 52.4915 22.0926 4.92076
internal_count=7345 7287 2430 2251 4857 4030 827 179 58
is_linear=0
shrinkage=0.1


Tree=36
num_leaves=16
num_cat=0
split_feature=2 6 1 6 1 6 0 2 6 1 6 1 3 3 6
split_gain=3.51791 8.00934 14.5513 13.1587 8.15833 13.2815 8.07484 7.02082 6.05977 20.5887 14.8835 33.4873 10.2825 5.75844 3.92274
threshold=0.9669989049434663 0.91050714254379284 -0.11053625494241713 1.0941582322120669 -0.1306490674614906 -0.16280984133481977 -0.042919280007481568 1.279623866081238 -0.96939143538475026 -0.062731344252824769 0.63569846749305736 0.018204079009592537 -0.47069673240184778 1.2955002784729006 -1.0991895794868467
decision_type=2 2 2 2 2 2 2 2 2 2 2 2 2 2 2
left_child=8 4 7 -4 5 -2 -6 -3 9 14 13 -12 -11 -10 -1
right_child=1 2 3 -5 6 -7 -8 -9 10 12 11 -13 -14 -15 -16
leaf_value=0.021781860528164564 -0.11163788132184085 0.070171339973058688 -0.1445324647584568 0.10370187876806242 0.027271024713080672 0.093432038165635556 0.11381424302043591 -0.011414832848948083 0.078672282240373315 -0.024189543355425162 0.0096986624346886412 -0.098670064130145813 0.026466028269520915 -0.11047793577583205 -0.11962431238809926
leaf_weight=2.1548215169459608 8.1295258086174709 14.893862105906008 12.072134517133234 2.5943602174520484 31.904842374846339 5.1646330375224343 16.283807035535574 36.144997831434011 29.080878920853142 131.3003746047616 199.61710562743247 33.267009541392326 57.674231644719839 1.7037992663681496 21.899786097928882
leaf_count=26 62 216 84 36 391 103 322 431 561 1422 2431 269 792 14 185
internal_value=-0.00333534 0.0114409 -0.0128337 -0.100622 0.0373826 -0.0319705 0.0565155 0.0123932 -0.0072778 -0.0198212 0.00285657 -0.00578158 -0.00872968 0.0682036 -0.106957
internal_weight=603.886 127.188 65.7054 14.6665 61.4828 13.2942 48.1886 51.0389 476.698 213.029 263.669 232.884 188.975 30.7847 24.0546
internal_count=7345 1645 767 120 878 165 713 647 5700 2425 3275 2700 2214 575 211
is_linear=0
shrinkage=0.1


Tree=37
num_leaves=8
num_cat=0
split_feature=3 5 2 6 6 3 2
split_gain=3.3978 3.41459 5.0529 5.62243 5.04165 2.59137 3.06258
threshold=-1.8288895487785337 -1.2502642869949339 1.0304465889930727 1.0441607832908633 -0.96939143538475026 1.2955002784729006 -0.82757169008254994
decision_type=2 2 2 2 2 2 2
left_child=-1 5 4 -4 -3 6 -2
right_child=1 2 3 -5 -6 -7 -8
leaf_value=-0.11645875047628965 0.062008758258366541 -0.022078897472783021 0.029011506392228027 -0.02816724581371732 -0.00018653005714294824 -0.083058099263734891 0.010574972175760651
leaf_weight=2.6302809100598088 14.411714484915136 192.35298864915967 72.335913861170411 22.560616165399551 232.14997260272503 2.4892028123140326 58.85405295342207
leaf_count=30 234 2161 1022 243 2867 30 758
internal_value=-0.00305156 -0.00255036 -0.0054431 0.0154179 -0.0101065 0.0172831 0.0206922
internal_weight=597.785 595.154 519.399 94.8965 424.503 75.755 73.2658
internal_count=7345 7315 6293 1265 5028 1022 992
is_linear=0
shrinkage=0.1


Tree=38
num_leaves=7
num_cat=0
split_feature=5 11 3 5 11 4
split_gain=3.21129 3.04972 2.89758 2.88282 0.322901 0.0184733
threshold=1.7822896242141726 -1.1938146352767942 -1.8288895487785337 -1.2502642869949339 -1.3454142212867735 0.67150205373764049
decision_type=2 2 2 2 2 2
left_child=1 4 -3 -4 -1 -2
right_child=5 2 3 -5 -6 -7
leaf_value=-0.11214726729263257 0.12384273844415722 -0.11525471673812078 0.016222152933691062 -0.0047600725236203231 -0.058819345058049026 0.14460310890966527
leaf_weight=2.2098077014088631 0.9628198705613602 2.2711094915866843 75.054168371483684 513.37137676030397 2.3353785779327145 0.77253562025725842
leaf_count=29 27 27 1019 6197 29 17
internal_value=-0.00275076 -0.00314677 -0.00251889 -0.00208377 -0.0847467 0.133085
internal_weight=596.977 595.242 590.697 588.426 4.54519 1.73536
internal_count=7345 7301 7243 7216 58 44
is_linear=0
shrinkage=0.1


Tree=39
num_leaves=13
num_cat=0
split_feature=0 0 2 2 6 6 1 5 4 5 1 6
split_gain=2.79692 3.75007 4.28249 4.55281 2.94202 6.17508 4.58204 2.18925 2.47124 1.66156 1.23534 0.757893
threshold=1.6573396325111391 1.2420101761817934 -1.6694449782371519 -0.92532986402511586 -0.99304428696632374 1.0021461248397829 1.0375853776931765 -0.33057761192321772 0.34051290154457098 0.92062756419181835 0.39813062548637396 -0.47677174210548395
decision_type=2 2 2 2 2 2 2 2 2 2 2 2
left_child=1 2 11 -4 6 -6 -3 10 9 -9 -2 -1
right_child=7 4 3 -5 5 -7 -8 8 -10 -11 -12 -13
leaf_value=0.057151456952928441 -0.046356780746048556 0.016092213511782288 -0.020336669980170044 0.0010196598341191089 0.13129848168328359 0.010676034646446328 -0.17775630141250062 -0.0035799988167432915 0.095139592986385357 -0.11708183891741702 -0.15067766659159448 0.16749255981310412
leaf_weight=1.0234749484807255 2.0310954637825489 13.862510019913314 131.12257846817374 418.17023785784841 7.0854203347116735 10.583591669797896 1.33696799725294 3.316835477948187 1.5587223600596187 2.1104082390666008 2.5732401609420776 1.5888527296483506
leaf_count=16 25 232 1479 5107 166 160 11 49 28 18 20 34
internal_value=-0.00248074 -0.00151661 -0.00347087 -0.00407834 0.0312981 0.0590466 -0.000958981 -0.0511249 -0.0158416 -0.0477157 -0.104659 0.124262
internal_weight=596.364 584.774 551.905 549.293 32.8685 17.669 15.1995 11.5903 6.98597 5.42724 4.60434 2.61233
internal_count=7345 7205 6636 6586 569 326 243 140 95 67 45 50
is_linear=0
shrinkage=0.1


Tree=40
num_leaves=9
num_cat=0
split_feature=5 1 5 5 6 6 4 2
split_gain=2.80702 2.77124 3.18224 5.28101 2.61284 7.0353 1.22556 0.49829
threshold=-1.8205123543739317 -1.1828770041465757 1.6347052454948428 1.5077533125877383 0.97724977135658275 0.95287883281707775 1.0790170431137087 0.084780171513557448
decision_type=2 2 2 2 2 2 2 2
left_child=-1 4 3 -3 5 -2 -4 -6
right_child=1 2 6 -5 7 -7 -8 -9
leaf_value=0.14281627655703744 -0.076745110648203427 -8.6100051563667214e-05 0.084342958503750121 -0.045652849971130727 -0.12753347779619803 0.081536472770558741 -0.019301235391459694 -0.06444027985133946
leaf_weight=1.3312571477144945 7.3753356859087962 543.11712437681854 5.8817096548154941 26.683968394994736 3.0461126863956443 4.5347738079726696 1.4154522884637115 2.1249657012522221
leaf_count=29 130 6646 130 262 25 84 18 21
internal_value=-0.00222962 -0.00255459 -0.00137966 -0.00222001 -0.0422504 -0.0164794 0.0642388 -0.101606
internal_weight=595.511 594.179 577.098 569.801 17.0812 11.9101 7.29716 5.17108
internal_count=7345 7316 7056 6908 260 214 148 46
is_linear=0
shrinkage=0.1


Tree=41
num_leaves=15
num_cat=0
split_feature=2 2 6 5 0 5 5 2 6 11 0 6 1 4
split_gain=2.75926 7.94488 7.45601 7.30023 6.39661 5.01292 4.86512 3.56848 3.41768 3.29285 5.67582 3.57734 2.33311 1.02716
threshold=-1.3813010454177854 -0.93627092242240895 -1.0325845479965208 -0.36198030412197107 -0.70778965950012196 -1.2502642869949339 0.52863356471061718 -1.6246456503868101 -0.98277419805526722 -0.75800290703773487 1.5691557526588442 -1.0052360296249387 0.70720210671424877 -0.8511056900024413
decision_type=2 2 2 2 2 2 2 2 2 2 2 2 2 2
left_child=2 5 7 4 -4 12 -7 -1 -5 10 -3 -11 -2 -9
right_child=1 9 3 8 -6 6 -8 13 -10 11 -12 -13 -14 -15
leaf_value=-0.0079252082337044963 0.080227594246344291 0.026278004404967626 -0.013489164584401409 -0.085069642639831744 0.11940077079452259 -0.053459091646337276 0.00041367890404005918 0.2435813239582322 -0.0050152391712516477 -0.017398125492349689 -0.046622962323477617 0.0039180027596496273 -0.050190526049177009 0.13354672637458728
leaf_weight=1.7892779819667337 5.5306864771991959 87.230728698894382 6.3359407857060424 6.8958789557218543 8.4566836580634099 59.438523074612021 23.347796946763992 1.05397043377161 23.528225675225261 118.65517687052488 12.169733028858898 233.98606670089066 1.8241112716495989 4.3486984260380259
leaf_count=19 98 1422 68 58 171 587 279 20 288 1271 157 2797 22 88
internal_value=-0.00201067 -0.00412862 0.0199001 0.00485746 0.0624817 -0.0312367 -0.0382656 0.114475 -0.0231602 0.00127696 0.0173526 -0.00325435 0.0478817 0.155013
internal_weight=594.591 542.183 52.4087 45.2167 14.7926 90.1411 82.7863 7.19195 30.4241 452.042 99.4005 352.641 7.3548 5.40267
internal_count=7345 6633 712 585 239 986 866 127 346 5647 1579 4068 120 108
is_linear=0
shrinkage=0.1


Tree=42
num_leaves=9
num_cat=0
split_feature=3 3 6 6 3 6 3 4
split_gain=2.75405 2.51245 13.4168 8.4979 3.17714 25.5177 4.75114 1.57844
threshold=-1.8288895487785337 1.2407054901123049 0.97843542695045482 0.30885541439056402 1.0375737547874453 1.0086739063262942 0.81447947025299083 -0.71993550658226002
decision_type=2 2 2 2 2 2 2 2
left_child=-1 4 3 -3 6 -6 -2 -4
right_child=1 2 7 -5 5 -7 -8 -9
leaf_value=-0.11314279639818883 0.0011820095404423397 -0.10095665982930878 -0.0795781009199346 0.056470141743108548 0.060389576008999774 -0.15209552867476911 -0.030002945664562276 -0.16509142338128488
leaf_weight=2.2134853750467292 466.49981421604753 4.5449569020420375 3.5888527221977711 13.963577670976518 35.401738235726953 6.7254791632294646 54.569696983322501 5.4161083288490754
leaf_count=30 5726 93 32 233 516 44 637 34
internal_value=-0.00180693 -0.00138973 -0.0308963 0.0178124 5.17337e-05 0.026467 -0.00208388 -0.131011
internal_weight=592.924 590.71 27.5135 18.5085 563.197 42.1272 521.07 9.00496
internal_count=7345 7315 392 326 6923 560 6363 66
is_linear=0
shrinkage=0.1


Tree=43
num_leaves=14
num_cat=0
split_feature=6 3 1 6 1 3 1 6 6 0 1 3 4
split_gain=2.51323 32.1462 20.5711 4.49059 26.04 26.2262 16.155 26.7156 16.5945 3.02992 2.73318 0.898686 0.381591
threshold=-1.0719337463378904 -0.5009179115295409 -0.2220552787184715 -0.99304428696632374 0.18112345784902575 -1.1515933275222776 1.0214779973030093 -0.96939143538475026 -0.73229667544364918 -0.7414601445198058 -0.062731344252824769 -0.1480545103549957 -0.88753193616867054
decision_type=2 2 2 2 2 2 2 2 2 2 2 2 2
left_child=1 9 12 4 11 -6 7 -5 -8 -1 -4 -2 -3
right_child=3 2 10 6 5 -7 8 -9 -10 -11 -12 -13 -14
leaf_value=-0.063435150898545831 -0.063334334015367713 -0.070368411308100884 0.0080121256164039766 -0.11767701289859145 -0.11100398887469852 0.015456614744980028 0.10790588293805747 0.0029208050264401494 -0.068995249697189065 -0.17851699493835854 0.093429108476726627 -0.12305554744194672 -0.12760756118615818
leaf_weight=3.4319999627768993 2.8763341195881393 1.5587294492870567 4.2176953665912142 19.484508718363941 18.918302934616804 123.16162917017937 25.095937334001068 320.84888008609414 6.7234356813132754 6.8622006513178331 33.503006791695952 20.322631875984371 4.6073149628937236
leaf_count=26 22 20 42 159 135 1465 440 4048 98 32 651 165 42
internal_value=-0.00163511 0.0188924 0.0561977 -0.00370458 -0.017421 -0.00138194 0.00238712 -0.00398357 0.0705267 -0.14015 0.0838783 -0.115651 -0.113138
internal_weight=591.613 54.1809 43.8867 537.432 165.279 142.08 372.153 340.333 31.8194 10.2942 37.7207 23.199 6.16604
internal_count=7345 813 755 6532 1787 1600 4745 4207 538 58 693 187 62
is_linear=0
shrinkage=0.1


Tree=44
num_leaves=10
num_cat=0
split_feature=3 6 1 6 1 3 6 0 0
split_gain=2.44709 2.67025 33.0884 16.8624 22.6334 6.54314 6.37982 2.53999 0.485929
threshold=-1.6521806120872495 0.95947560667991649 0.059667838737368591 -0.96939143538475026 -0.062731344252824769 1.2955002784729006 0.98830941319465648 0.037064785137772567 -1.1193083524703977
decision_type=2 2 2 2 2 2 2 2 2
left_child=8 3 6 4 -2 -5 -3 -4 -1
right_child=1 2 7 5 -6 -7 -8 -9 -10
leaf_value=-0.031663485628720248 -0.091679761177180075 -0.0270522766115706 -0.08804900145112525 0.059267301254255868 0.0040135866502242152 -0.061059970503730215 0.013072282724085067 -0.1519278125429801 -0.10296020076084228
leaf_weight=1.4795809555798767 27.778164997696877 50.540802141651511 21.838105555623773 60.86485515255481 224.24671690165997 4.8816176373511544 183.50268714688718 8.7063457258045656 2.7011258536949745
leaf_count=23 276 571 190 1181 2770 60 2191 46 37
internal_value=-0.00149418 -0.00094691 -0.00836774 0.00523195 -0.00653373 0.0503331 0.00440754 -0.106257 -0.0777278
internal_weight=586.54 582.359 264.588 317.771 252.025 65.7465 234.043 30.5445 4.18071
internal_count=7345 7285 2998 4287 3046 1241 2762 236 60
is_linear=0
shrinkage=0.1


Tree=45
num_leaves=10
num_cat=0
split_feature=11 6 3 1 6 1 1 0 11
split_gain=2.41672 2.5116 28.0169 16.6501 3.65888 21.1307 14.5427 2.63322 0.382525
threshold=-1.1938146352767942 -1.0719337463378904 -0.5009179115295409 -0.2220552787184715 -0.99304428696632374 0.18112345784902575 1.0214779973030093 -0.7414601445198058 -1.3454142212867735
decision_type=2 2 2 2 2 2 2 2 2
left_child=8 2 7 -4 5 -3 -6 -2 -1
right_child=1 4 3 -5 6 -7 -8 -9 -10
leaf_value=-0.11112747852492902 -0.058994184192700229 -0.10865626042067816 -0.10714624570021405 0.081097010656500323 -0.0033082463583987889 -0.0014054076392108466 0.069559368192908505 -0.16808836969905977 -0.048888602423972423
leaf_weight=1.931656929664314 3.3488356396555901 21.13086018152535 5.4060928216204038 35.908362248912454 334.73175200261176 140.60556109622121 29.829654484987259 6.5203960016369802 2.0203270595520726
leaf_count=29 26 186 62 689 4175 1587 532 30 29
internal_value=-0.0013763 -0.000842967 0.0203044 0.0564649 -0.0028996 -0.0154177 0.00265403 -0.13107 -0.0793098
internal_weight=581.433 577.482 51.1837 41.3145 526.298 161.736 364.561 9.86923 3.95198
internal_count=7345 7287 807 751 6480 1773 4707 56 58
is_linear=0
shrinkage=0.1


Tree=46
num_leaves=10
num_cat=0
split_feature=3 2 6 2 5 6 2 0 0
split_gain=2.3826 2.31726 6.66985 6.44529 6.00161 4.78051 2.76488 2.6492 1.28308
threshold=-1.6521806120872495 -1.3813010454177854 -1.0325845479965208 -0.93627092242240895 -0.43629580736160273 1.0934109687805178 -1.6246456503868101 -1.2509848475456236 -1.1424193978309629
decision_type=2 2 2 2 2 2 2 2 2
left_child=8 2 6 5 -4 -3 -2 -5 -1
right_child=1 3 4 7 -6 -7 -8 -9 -10
leaf_value=0.0071783285842118086 0.0020977489447763387 -0.03170172019795979 0.061383006230849108 -0.030340955876111519 -0.018876746179502975 0.10308169982081734 0.15131735863373658 0.0041349128425626309 -0.11409241130101851
leaf_weight=1.255640674382448 1.6611052490770815 84.498693035915494 13.422831185162066 23.56076125241816 30.45841671153903 2.7160700634121886 4.9182770159095517 412.81432919204235 2.8588463524356476
leaf_count=22 19 939 228 233 352 38 108 5368 38
internal_value=-0.0012577 -0.00071422 0.0197517 -0.00268661 0.0056739 -0.0275043 0.113644 0.00227349 -0.0770836
internal_weight=578.165 574.05 50.4606 523.59 43.8812 87.2148 6.57938 436.375 4.11449
internal_count=7345 7285 707 6578 580 977 127 5601 60
is_linear=0
shrinkage=0.1


Tree=47
num_leaves=9
num_cat=0
split_feature=5 6 1 6 1 6 3 0
split_gain=2.1508 2.15091 4.3484 2.35 31.5108 12.3894 1.70012 0.795873
threshold=-1.7397720813751218 1.1028518080711367 -0.072777025401592241 0.95947560667991649 0.018204079009592537 -0.96939143538475026 -0.34437286853790278 -0.30883586406707758
decision_type=2 2 2 2 2 2 2 2
left_child=6 3 -3 5 -5 -2 -1 -4
right_child=1 2 7 4 -6 -7 -8 -9
leaf_value=-0.0047008895674265161 -0.0064500709269131795 -0.052031561897237545 0.1966323586630157 0.0040501833472411332 -0.10140194809282915 0.042829009603922698 0.14900461677666788 0.091050533515723009
leaf_weight=1.2463099714368584 247.23404220677912 1.8944568596780298 1.4150422699749468 225.81885768473148 32.402735880576074 64.283300615847111 1.7028212267905463 1.4409762807190412
leaf_count=22 3046 16 23 2676 279 1227 36 20
internal_value=-0.00113231 -0.00156958 0.0654404 -0.00212831 -0.0091824 0.00371894 0.0840483 0.143362
internal_weight=577.439 574.489 4.75048 569.739 258.222 311.517 2.94913 2.85602
internal_count=7345 7287 59 7228 2955 4273 58 43
is_linear=0
shrinkage=0.1


Tree=48
num_leaves=6
num_cat=0
split_feature=3 11 2 6 2
split_gain=2.13212 2.11519 2.0774 6.78319 3.95564
threshold=-1.8288895487785337 -1.3454142212867735 1.0304465889930727 0.91050714254379284 0.26010882854461675
decision_type=2 2 2 2 2
left_child=-1 -2 4 -4 -3
right_child=1 2 3 -5 -6
leaf_value=-0.11064710097700037 -0.11022232479569279 0.0025220826734694557 0.038758191787854356 -0.011384838533637948 -0.018018789355554451
leaf_weight=1.7691384544596065 1.7578685032203782 331.95885881502181 50.7530627399683 57.591330725699663 130.64976091030985
leaf_count=30 28 4214 801 685 1587
internal_value=-0.00103572 -0.000697124 -0.000359914 0.0121043 -0.00327906
internal_weight=574.48 572.711 570.953 108.344 462.609
internal_count=7345 7315 7287 1486 5801
is_linear=0
shrinkage=0.1


Tree=49
num_leaves=9
num_cat=0
split_feature=3 2 11 5 2 2 6 0
split_gain=2.01253 2.11129 4.05532 5.24942 3.28813 4.11744 2.92344 2.34615
threshold=1.8945196866989138 -1.5713415145874021 -0.49010437726974482 -0.36198030412197107 -0.93627092242240895 -1.0371680855751035 0.99105036258697521 0.62023919820785534
decision_type=2 2 2 2 2 2 2 2
left_child=1 2 3 -1 5 -3 -4 -6
right_child=-2 4 6 -5 7 -7 -8 -9
leaf_value=0.12397093985788715 -0.10190101008027726 -0.0066921675105368356 0.12645975161465153 -0.068430869528211438 -0.0013882680279344714 -0.052013822122753295 0.019680547064585645 0.01678192223726049
leaf_weight=1.8733907444402573 1.9674128666520108 93.462174796499312 5.2508940324187261 5.8342910893261459 345.67026738449931 25.518570357002318 5.0107925496995449 89.451163775287569
leaf_count=53 28 1159 97 61 4147 260 58 1482
internal_value=-0.000934331 -0.000587096 0.0331476 -0.0216666 -0.0016811 -0.0164126 0.0743194 0.00234711
internal_weight=574.039 572.072 17.9694 7.70768 554.102 118.981 10.2617 435.121
internal_count=7345 7317 269 114 7048 1419 155 5629
is_linear=0
shrinkage=0.1


end of trees

feature_importances:
Column_6=167
Column_0=83
Column_1=72
Column_3=72
Column_2=53
Column_11=50
Column_5=45
Column_4=21

parameters:
[boosting: gbdt]
[objective: binary]
[metric: binary_logloss]
[tree_learner: serial]
[device_type: cpu]
[data_sample_strategy: bagging]
[data: ]
[valid: ]
[num_iterations: 50]
[learning_rate: 0.1]
[num_leaves: 31]
[num_threads: 16]
[seed: 0]
[deterministic: 0]
[force_col_wise: 0]
[force_row_wise: 0]
[histogram_pool_size: -1]
[max_depth: 4]
[min_data_in_leaf: 20]
[min_sum_hessian_in_leaf: 0.001]
[bagging_fraction: 1]
[pos_bagging_fraction: 1]
[neg_bagging_fraction: 1]
[bagging_freq: 0]
[bagging_seed: 3]
[bagging_by_query: 0]
[feature_fraction: 1]
[feature_fraction_bynode: 1]
[feature_fraction_seed: 2]
[extra_trees: 0]
[extra_seed: 6]
[early_stopping_round: 0]
[early_stopping_min_delta: 0]
[first_metric_only: 0]
[max_delta_step: 0]
[lambda_l1: 0]
[lambda_l2: 0]
[linear_lambda: 0]
[min_gain_to_split: 0]
[drop_rate: 0.1]
[max_drop: 50]
[skip_drop: 0.5]
[xgboost_dart_mode: 0]
[uniform_drop: 0]
[drop_seed: 4]
[top_rate: 0.2]
[other_rate: 0.1]
[min_data_per_group: 100]
[max_cat_threshold: 32]
[cat_l2: 10]
[cat_smooth: 10]
[max_cat_to_onehot: 4]
[top_k: 20]
[monotone_constraints: ]
[monotone_constraints_method: basic]
[monotone_penalty: 0]
[feature_contri: ]
[forcedsplits_filename: ]
[refit_decay_rate: 0.9]
[cegb_tradeoff: 1]
[cegb_penalty_split: 0]
[cegb_penalty_feature_lazy: ]
[cegb_penalty_feature_coupled: ]
[path_smooth: 0]
[interaction_constraints: ]
[verbosity: 1]
[saved_feature_importance_type: 0]
[use_quantized_grad: 0]
[num_grad_quant_bins: 4]
[quant_train_renew_leaf: 0]
[stochastic_rounding: 1]
[linear_tree: 0]
[max_bin: 255]
[max_bin_by_feature: ]
[min_data_in_bin: 3]
[bin_construct_sample_cnt: 200000]
[data_random_seed: 1]
[is_enable_sparse: 1]
[enable_bundle: 1]
[use_missing: 1]
[zero_as_missing: 0]
[feature_pre_filter: 1]
[pre_partition: 0]
[two_round: 0]
[header: 0]
[label_column: ]
[weight_column: ]
[group_column: ]
[ignore_column: ]
[categorical_feature: ]
[forcedbins_filename: ]
[precise_float_parser: 0]
[parser_config_file: ]
[objective_seed: 5]
[num_class: 1]
[is_unbalance: 0]
[scale_pos_weight: 0.253413]
[sigmoid: 1]
[boost_from_average: 1]
[reg_sqrt: 0]
[alpha: 0.9]
[fair_c: 1]
[poisson_max_delta_step: 0.7]
[tweedie_variance_power: 1.5]
[lambdarank_truncation_level: 30]
[lambdarank_norm: 1]
[label_gain: ]
[lambdarank_position_bias_regularization: 0]
[eval_at: ]
[multi_error_top_k: 1]
[auc_mu_weights: ]
[num_machines: 1]
[local_listen_port: 12400]
[time_out: 120]
[machine_list_filename: ]
[machines: ]
[gpu_platform_id: -1]
[gpu_device_id: -1]
[gpu_use_dp: 0]
[num_gpu: 1]

end of parameters

pandas_categorical:null
