tree
version=v4
num_class=1
num_tree_per_iteration=1
label_index=0
max_feature_idx=26
objective=binary sigmoid:1
feature_names=Column_0 Column_1 Column_2 Column_3 Column_4 Column_5 Column_6 Column_7 Column_8 Column_9 Column_10 Column_11 Column_12 Column_13 Column_14 Column_15 Column_16 Column_17 Column_18 Column_19 Column_20 Column_21 Column_22 Column_23 Column_24 Column_25 Column_26
feature_infos=[-0.019933668941053525:22.462159944513868] [-5.0874147473003717:5.012712376666375] [-1.7407570177689571:1.7334328725472357] [-3.5147196292820184:3.5360702071570214] [-1.800230779032056:1.8047679564113575] [-2.2686803133729549:2.2323308993934021] [-1.1034471016444138:1.1839533062485135] none none none none [-2.0065769705716505:2.0393314860399494] [-2.8176975071431518:2.8039322562452855] [-2.8093726686592673:2.8010500375928071] [-7.2338028144431608:7.4169710110198537] [-1.7294946597049783:1.7187675035247965] [-1.7229259651510778:1.7158644316256888] [-8.4275942868203426:10.012452222965019] [-1.5070270497167051:1.4941999630746896] [-1.5023908382618207:1.4909476978685676] [-9.0832889250571185:9.0328866017958607] [-2.2686803133729549:2.2323308993934021] [-1.1034471016444138:1.1839533062485135] [-1.8765715514944401:10.70956681465467] [-1.8486109552959278:12.778745672457012] [-1.0734640346326989:10.930211088349678] [-1.8893796367953191:91.121875519523869]
tree_sizes=1869 1871 1878 1878 1874 1873 1864 1871 1866 1874 1891 1877 1871 1881 1883 1888 1885 1886 1879 1876 1868 1881 1771 1874 1877 1892 1787 1873 1886 1890 1896 1902 1885 1882 1896 1892 1892 1908 1905 1884 1888 1771 1895 1774 1891 1888 1771 1888 1894 1885

Tree=0
num_leaves=16
num_cat=0
split_feature=1 1 11 11 3 6 3 6 6 11 3 3 6 6 5
split_gain=48224.8 56613.2 12830.5 5260.05 3799.26 5515.88 2412.54 4904.59 3670.05 302.615 132.043 55.1294 145.311 30.4027 2.49435
threshold=-0.30018210067214118 0.29805972064427178 -1.2240484788669883 1.5168705991987277 -0.65139327948205195 0.87055274451399633 0.60850664286104028 -0.60248818469119947 1.0541904857015385 -1.2814200638175082 -0.99562837809803217 0.80998147002683263 0.38149237653125495 -0.82103659383362981 1.6732746917190495
decision_type=2 2 2 2 2 2 2 2 2 2 2 2 2 2 2
left_child=6 2 9 -4 10 -6 7 13 -9 -2 -3 12 -8 -1 -13
right_child=1 4 3 -5 5 -7 11 8 -10 -11 -12 14 -14 -15 -16
leaf_value=-0.24595377089614212 -0.23847932424506832 -0.24637118863153315 0.0039838764877024174 -0.061277538793590165 -0.064498521713632004 -0.23645666480537811 -0.24194646718509225 0.029611256017741144 -0.20149354838830824 -0.16246803438648272 -0.21576376420390028 -0.24589507638510444 -0.16060960438194924 -0.20719942447526923 -0.23189330891373924
leaf_weight=3282.0085331052542 2116.1032025516033 8300.2711568325758 106475.28118796647 13970.788423076272 3891.637260183692 3582.6867184191942 951.90141499042511 1652.6984247267246 1176.1845917701721 696.04055753350258 1697.7919097542763 8846.440387532115 285.53036633133888 215.73433335125446 129.08705940842628
leaf_count=13125 8470 33223 230595 30850 9018 14001 3770 2410 4219 2786 6294 35369 914 785 500
internal_value=-0.0513794 -0.0323957 -0.0085158 -0.00358593 -0.200855 -0.146924 -0.212906 -0.164381 -0.0664768 -0.219666 -0.241174 -0.242966 -0.223178 -0.243563 -0.245694
internal_weight=157270 140731 123258 120446 17472.4 7474.32 16539.6 6326.63 2828.88 2812.14 9998.06 10213 1237.43 3497.74 8975.53
internal_count=396329 335237 272701 261445 62536 23019 61092 20539 6629 11256 39517 40553 4684 13910 35869
is_linear=0
shrinkage=1


Tree=1
num_leaves=16
num_cat=0
split_feature=1 1 0 11 3 6 1 6 6 11 3 3 6 5 5
split_gain=39898.2 47141.1 10344.7 4194.57 3184.37 4570.2 3102.97 5439.15 6231.17 296.741 113.291 95.7808 324.533 86.2561 2.14846
threshold=-0.28041491803745994 0.29805972064427178 0.028899713673138587 1.5546256912100624 -0.65139327948205195 0.87055274451399633 -0.4357263071200384 -0.65405701214474499 1.0541904857015385 -1.2814200638175082 -0.99562837809803217 0.80998147002683263 0.38149237653125495 1.5850852355959517 1.6732746917190495
decision_type=2 2 2 2 2 2 2 2 2 2 2 2 2 2 2
left_child=6 2 3 -2 10 -6 11 13 -9 -4 -3 12 -1 -8 -13
right_child=1 4 9 -5 5 -7 7 8 -10 -11 -12 14 -14 -15 -16
leaf_value=-0.17648125750066049 0.051404218549924302 -0.17816320438487179 -0.17065639229811821 -0.0098338792627653115 -0.011811962898819211 -0.16889488453252144 -0.17733091375548693 0.097217709088751186 -0.15470695311485061 -0.096158836889586943 -0.14964796736142302 -0.17771740526335414 -0.075982363953480417 -0.093335351656376478 -0.16463935334831928
leaf_weight=1310.4826848655939 105846.80547052622 8180.9772307127714 2030.4931807816029 12506.86601832509 3890.1590441465378 3535.4032019525766 3782.8472342938185 2328.3076770156622 1697.7107393890619 725.80022795498371 1679.2921680808067 8719.804872751236 425.69624711573124 126.34112985432148 127.45117318630219
leaf_count=5273 227528 33223 8238 27737 9018 14001 15137 3096 6325 2921 6294 35369 1269 400 500
internal_value=-2.17286e-05 0.0184237 0.0404729 0.044933 -0.13606 -0.0866011 -0.13787 -0.0905966 -0.00901509 -0.151039 -0.173307 -0.173315 -0.15184 -0.174616 -0.177529
internal_weight=156914 138396 121110 118354 17285.8 7425.56 18518.6 7935.21 4026.02 2756.29 9860.27 10583.4 1736.18 3909.19 8847.26
internal_count=396329 328960 266424 255265 62536 23019 67369 24958 9421 11159 39517 42411 6542 15537 35869
is_linear=0
shrinkage=0.1


Tree=2
num_leaves=16
num_cat=0
split_feature=1 3 11 1 6 11 3 6 6 11 11 3 6 5 1
split_gain=33074.4 39103.4 8366.71 3715.94 5546.6 3417.63 2693.47 4429.82 5266.06 236.879 233.317 220.827 198.792 86.1305 81.0469
threshold=-0.28041491803745994 -0.36133723783680283 -1.2240484788669883 0.44973952668373357 0.87055274451399633 1.5546256912100624 0.50592852696315616 -0.65405701214474499 1.0511613458692415 1.6271424552324822 -1.2814200638175082 -0.99562837809803217 0.062615158182090028 1.5850852355959517 -0.56233824984324132
decision_type=2 2 2 2 2 2 2 2 2 2 2 2 2 2 2
left_child=6 3 10 4 -2 -4 7 13 -9 14 -3 -5 -11 -1 -8
right_child=1 2 5 11 -6 -7 9 8 -10 12 -12 -13 -14 -15 -16
leaf_value=-0.16465227790416664 0.002130753046786742 -0.15789362823199454 0.047614628984736569 -0.16540743590876733 -0.16168094931938534 -0.0082588800832230844 -0.16472174144108526 0.10226139580235333 -0.13925259163160802 -0.14265673953745425 -0.088877125409697319 -0.13105365319091331 -0.005567071355748951 -0.072872082652430309 -0.14091450265363334
leaf_weight=3254.4276607334614 4828.3659638464451 1922.9016394615173 104236.55338856578 7942.4755191355944 3614.1835532188416 12232.122851371765 8922.8399253338575 2073.8058526217937 1598.8854523748159 254.39615350961685 657.24605298042297 2447.7916668206453 181.06094102561474 105.56574359536171 1702.831713989377
leaf_count=13355 10638 8018 223631 33223 14629 27066 37226 2517 5998 996 2673 9082 420 323 6534
internal_value=-6.16706e-05 0.0166196 0.0378007 -0.117274 -0.0679956 0.0417465 -0.127179 -0.0787922 -0.00288036 -0.157944 -0.140313 -0.157314 -0.0856555 -0.161769 -0.160906
internal_weight=155975 137882 119049 18832.8 8442.55 116469 18093.8 7032.68 3672.69 11061.1 2580.15 10390.3 435.457 3359.99 10625.7
internal_count=396329 328960 261388 67572 25267 250697 67369 22193 8515 45176 10691 42305 1416 13678 43760
is_linear=0
shrinkage=0.1


Tree=3
num_leaves=16
num_cat=0
split_feature=1 3 11 11 6 11 1 6 6 3 0 6 3 6 5
split_gain=27682.5 32352.6 6958.46 3347.1 3286.46 2833.63 2360.68 3932.78 4381.86 488.698 366.152 99.8562 84.9943 290.214 2.17575
threshold=-0.28041491803745994 -0.36133723783680283 -1.2089028094724019 0.63488538322764321 0.87055274451399633 1.4818480755184973 -0.4357263071200384 -0.60248818469119947 1.0541904857015385 -0.46803395919432517 0.033005793019299852 -0.82103659383362981 0.80998147002683263 0.38149237653125495 1.6732746917190495
decision_type=2 2 2 2 2 2 2 2 2 2 2 2 2 2 2
left_child=6 3 10 9 -5 -4 12 11 -9 -2 -3 -8 13 -1 -14
right_child=1 2 5 4 -6 -7 7 8 -10 -11 -12 -13 14 -15 -16
leaf_value=-0.15434304820460834 -0.15320023798049776 -0.063685394503633155 0.043740600967841166 0.00055544687419651435 -0.14539562671583986 -0.003515402780624283 -0.15399475454645156 0.084112930078793252 -0.13111235381616171 -0.10664189980194246 -0.14522357665338276 -0.083586788066723927 -0.15504635564871008 -0.057704377121057297 -0.14145586009190239
leaf_weight=1232.2986784279346 8594.2786515504122 759.78672383725643 101507.5585988909 4267.2153352051973 2416.5010316520929 14501.880956664681 3517.8259157240391 2254.0541138201952 1630.0315620750189 3056.1862645000219 2001.5617573857307 213.66819784045219 8129.7095738053322 415.5436559766531 119.53001162409782
leaf_count=5273 36828 3102 218433 9850 10012 31217 14962 2949 6325 10882 8636 722 35369 1269 500
internal_value=-0.000109013 0.0150135 0.034099 -0.108625 -0.0522132 0.0378333 -0.118501 -0.0766467 -0.00621052 -0.140987 -0.122788 -0.149963 -0.150708 -0.129973 -0.154849
internal_weight=154618 137105 118771 18334.2 6683.72 116009 17512.7 7615.58 3884.09 11650.5 2761.35 3731.49 9897.08 1647.84 8249.24
internal_count=396329 328960 261388 67572 19862 249650 67369 24958 9274 47710 11738 15684 42411 6542 35869
is_linear=0
shrinkage=0.1


Tree=4
num_leaves=16
num_cat=0
split_feature=1 1 11 6 3 6 3 6 6 0 3 16 3 6 4
split_gain=23385.8 26451.4 6049.55 2533.44 2431.39 3141.86 1367.52 2813.36 1987.08 89.899 89.7467 47.3673 38.0477 93.9148 2.23938
threshold=-0.30018210067214118 0.29805972064427178 -1.2404152969119633 -0.94927463533408296 -0.65139327948205195 0.87055274451399633 0.60850664286104028 -0.43135869159500301 1.0698885865870336 0.040806911504177895 -0.99562837809803217 -1.7066302166915277 0.80998147002683263 0.38149237653125495 0.8977565591010338
decision_type=2 2 2 2 2 2 2 2 2 2 2 2 2 2 2
left_child=6 2 9 -4 10 -6 7 11 -9 -2 -3 -1 13 -8 -14
right_child=1 4 3 -5 5 -7 12 8 -10 -11 -12 -13 14 -15 -16
leaf_value=0.0033117860530822944 -0.10408305375152899 -0.14832227471093748 0.014604312084249119 0.043970511717265258 -0.0044325797059564269 -0.13858099324518455 -0.14366010587672651 0.066777292698462665 -0.11503909981474957 -0.14606790601304934 -0.12185803849007318 -0.14489550859216424 -0.14759672348276118 -0.076158003209690225 -0.14307584724790234
leaf_weight=21.710528060793877 762.30050471425056 7290.7879220843315 51237.512622967362 68857.900471717119 3870.1183320879936 3180.8046883791685 838.89904975891113 1561.732713535428 977.23901233077049 1540.9077563881874 1554.701248139143 3206.6283984929323 6533.3755460232496 273.24373733997345 1316.4553885757923
leaf_count=54 3309 33223 120530 141893 9018 14001 3770 2232 3932 6969 6294 14321 29904 914 5965
internal_value=-0.000156035 0.012602 0.028363 0.0314417 -0.108754 -0.0649495 -0.119943 -0.0819596 -0.00320303 -0.132172 -0.143671 -0.143899 -0.144386 -0.127075 -0.146839
internal_weight=153024 138295 122399 120095 15896.4 7050.92 14729.3 5767.31 2538.97 2303.21 8845.49 3228.34 8961.97 1112.14 7849.83
internal_count=396329 335237 272701 262423 62536 23019 61092 20539 6164 10278 39517 14375 40553 4684 35869
is_linear=0
shrinkage=0.1


Tree=5
num_leaves=16
num_cat=0
split_feature=1 1 0 11 6 11 3 6 6 3 11 11 6 5 1
split_gain=20140.2 22711.8 4977.22 2702.81 2386.82 2353.5 1837.96 2933.46 3399.49 324.089 320.273 200.01 141.927 85.6452 64.5245
threshold=-0.28041491803745994 0.28758401130118111 0.02743045137383282 0.63488538322764321 0.062615158182090028 1.5168705991987277 0.50592852696315616 -0.65405701214474499 1.0511613458692415 -0.56740745628791667 -1.2814200638175082 1.6271424552324822 0.062615158182090028 1.5850852355959517 -0.56233824984324132
decision_type=2 2 2 2 2 2 2 2 2 2 2 2 2 2 2
left_child=6 2 5 9 -5 -2 7 13 -9 -3 -4 14 -13 -1 -8
right_child=1 3 10 4 -6 -7 11 8 -10 -11 -12 12 -14 -15 -16
leaf_value=-0.14080340095096486 0.035937415505520827 -0.14102973380458408 -0.13313418158051954 0.016012518921421436 -0.10930440101653648 -0.0084865576066086839 -0.14022316605705529 0.08186324248570126 -0.11732389052833506 -0.10343116295012372 -0.06165244286581241 -0.11684174203886744 0.0033250880642405646 -0.046209008688946097 -0.11778373091796748
leaf_weight=2878.1063964962959 102578.78694908321 6968.7243823558092 1699.0120435208082 3135.538516715169 2949.5299244374037 13494.379350394011 7709.4170467704535 2018.5527867078781 1488.7626229524612 3416.5272227674723 993.22306105494499 224.38614194095135 174.89676627516747 99.005798488855362 1536.9098114818335
leaf_count=13355 221562 33440 8098 6937 12182 29491 37226 2517 5998 13116 4134 996 420 323 6534
internal_value=-0.00020374 0.0123939 0.0276551 -0.0976521 -0.0447306 0.0307728 -0.105824 -0.064654 -0.00268643 -0.128661 -0.106763 -0.133501 -0.0642054 -0.137658 -0.136493
internal_weight=151366 135236 118765 16470.3 6085.07 116073 16130 6484.43 3507.32 10385.3 2692.24 9645.61 399.283 2977.11 9246.33
internal_count=396329 328960 263285 65675 19119 251053 67369 22193 8515 46556 12232 45176 1416 13678 43760
is_linear=0
shrinkage=0.1


Tree=6
num_leaves=16
num_cat=0
split_feature=3 1 11 1 3 6 6 3 6 0 6 3 3 24 5
split_gain=17184.7 19467.3 4555.27 2868.51 1779.99 3032.3 3269.65 659.337 1075.4 87.4891 76.5899 52.692 40.1216 101.402 2.63693
threshold=0.35729554911439582 0.35712368808258527 -1.2404152969119633 0.26012151264341205 0.60850664286104028 -0.60248818469119947 1.0541904857015385 -0.70995214402371387 -0.3142653556463732 0.040806911504177895 -0.82103659383362981 -0.99562837809803217 0.80998147002683263 5.5729838720902176 1.6732746917190495
decision_type=2 2 2 2 2 2 2 2 2 2 2 2 2 2 2
left_child=1 2 9 -4 5 10 -7 11 -9 -1 -2 -3 13 -6 -14
right_child=4 7 3 -5 12 6 -8 8 -10 -11 -12 -13 14 -15 -16
leaf_value=-0.092565971735561151 -0.1361292016756929 -0.13680459657644428 0.029634618443092564 -0.029290293810514192 -0.11662623124693916 0.065418438668109827 -0.11511159400934996 -0.003524339610045633 -0.12336917354026547 -0.13497314130380045 -0.077437009357980091 -0.11286777662013497 -0.13512756028147829 0.2169297481850031 -0.11894053520954016
leaf_weight=733.96950152516365 3359.9922702163458 6508.3162802457809 111863.74863426387 8920.278106123209 1004.7978649288416 2501.1900627017021 1675.1390863806009 1182.0890820920467 2042.3938642144203 1442.8374523669481 238.09147845208645 1070.9530363976955 6867.0808933675289 9.1974679529666883 102.13541181385517
leaf_count=3394 16396 33223 242041 25123 4670 3578 6997 2871 9283 7245 923 4702 35369 14 500
internal_value=-0.000244819 0.0113909 0.0226989 0.0252828 -0.099019 -0.0649611 -0.00699274 -0.117309 -0.0794343 -0.120674 -0.132245 -0.133422 -0.132186 -0.113601 -0.13489
internal_weight=149522 133765 122961 120784 15757.6 7774.41 4176.33 10803.8 3224.48 2176.81 3598.08 7579.27 7983.21 1014 6969.22
internal_count=396329 327882 277803 267164 68447 27894 10575 50079 12154 10639 17319 37925 40553 4684 35869
is_linear=0
shrinkage=0.1


Tree=7
num_leaves=16
num_cat=0
split_feature=3 1 0 6 3 6 6 3 6 0 11 5 5 1 3
split_gain=14682.3 16534.5 3903.21 2579.86 1656.86 2506.5 2729.84 645.013 951.193 273.298 185.783 123.891 82.6439 65.1447 57.1528
threshold=0.35729554911439582 0.35712368808258527 0.02743045137383282 1.0217977003441647 0.50592852696315616 -0.82103659383362981 1.0511613458692415 -0.70995214402371387 -0.3142653556463732 0.036317920031181346 1.6271424552324822 -1.6423279643465405 1.5850852355959517 -0.56233824984324132 -0.99562837809803217
decision_type=2 2 2 2 2 2 2 2 2 2 2 2 2 2 2
left_child=1 2 3 -1 5 12 -7 14 -9 -4 13 -12 -2 -6 -3
right_child=4 7 9 -5 10 6 -8 8 -10 -11 11 -13 -14 -15 -16
leaf_value=0.035082203921077339 -0.13338997251925613 -0.13211309392048243 -0.061141729455756501 0.0050989032793122818 -0.13018702407775826 0.066454885495022889 -0.10789862122603873 -0.003173282275059388 -0.11693640835543753 -0.12607330555032195 0.10233213015876429 -0.075247306272472364 -0.035084376497562554 -0.10657239846869813 -0.10657089872753132
leaf_weight=72213.092344045639 2562.3609853088856 6087.1551502048969 1108.914941072464 47621.636283650994 6776.5995358377695 2252.9488145709038 1493.1511013507843 1181.6018756330013 1944.379480868578 1560.3153300434351 44.592200890183449 330.25659462809563 88.469989880919456 1411.5289726853371 1023.3021807670593
leaf_count=149041 13334 33223 4806 115646 37226 3208 6423 2871 9283 8310 68 1348 306 6534 4702
internal_value=-0.000283667 0.0103008 0.020503 0.023167 -0.0942004 -0.0556965 -0.00304036 -0.111793 -0.0739346 -0.0990979 -0.122965 -0.0541224 -0.130109 -0.126116 -0.128437
internal_weight=147700 132740 122504 119835 14959.9 6396.93 3746.1 10236.4 3125.98 2669.23 8562.98 374.849 2650.83 8188.13 7110.46
internal_count=396329 327882 277803 264687 68447 23271 9631 50079 12154 13116 45176 1416 13640 43760 37925
is_linear=0
shrinkage=0.1


Tree=8
num_leaves=16
num_cat=0
split_feature=3 3 11 6 3 6 1 6 6 0 4 11 26 1 11
split_gain=12706.8 13685 3491.21 3021.05 527.017 993.976 517.974 1515.37 764.578 83.5418 59.5517 45.9502 200.51 11.0573 3.09082
threshold=0.42162587664473189 -0.46803395919432517 -1.2404152969119633 -0.97505276651908745 -0.99562837809803217 -0.3142653556463732 -0.51092035333568331 0.32367797883584121 1.0685038712658168 0.040806911504177895 -1.6870701269074306 1.6454708398294222 -1.1410947857256075 -0.56233824984324132 0.63488538322764321
decision_type=2 2 2 2 2 2 2 2 2 2 2 2 2 2 2
left_child=1 4 9 -4 14 -6 11 10 -9 -3 -8 13 -13 -2 -1
right_child=6 2 3 -5 5 -7 7 8 -10 -11 -12 12 -14 -15 -16
leaf_value=-0.12721473094355376 -0.12628682449256787 -0.084522365671599695 -0.003596281554559841 0.0295152762430092 -0.010540189948628449 -0.1187528595068158 -0.052392710900964423 0.080200606621531015 -0.082442747172490949 -0.1264939804986463 -0.12868565044895408 0.14533310615676667 -0.13721476710414077 -0.10556991279279426 -0.13397728318072516
leaf_weight=4884.9536128789186 6325.0454062521458 728.27570761740208 41213.825025320053 83142.748639181256 1331.5057321637869 2341.55765157938 107.45180001854897 712.31046524643898 486.40158300101757 1359.5129704922438 2138.7700908631086 33.552498072385788 99.889258578419685 268.57181817293167 784.37450101971626
leaf_count=29049 37294 3620 102532 179092 3706 11925 431 959 2275 7752 11562 62 519 1377 4174
internal_value=-0.000316341 0.00775931 0.0163885 0.0185416 -0.109033 -0.0795252 -0.108119 -0.0765853 0.0142048 -0.111853 -0.125036 -0.124267 -0.0661711 -0.125443 -0.12815
internal_weight=145959 135787 126444 124357 9342.39 3673.06 10172 3444.93 1198.71 2087.79 2246.22 6727.06 133.442 6593.62 5669.33
internal_count=396329 341850 292996 281624 48854 15631 54479 15227 3234 11372 11993 39252 581 38671 33223
is_linear=0
shrinkage=0.1


Tree=9
num_leaves=16
num_cat=0
split_feature=3 3 6 6 0 11 6 6 3 1 0 1 1 11 13
split_gain=11196.5 12641.9 3591.2 5758.58 2460.64 2052.37 1854.55 2529.75 3491.6 432.696 319.069 162.723 162.19 127.911 52.858
threshold=0.3519824774365255 -0.3406612144874745 0.87055274451399633 -0.97505276651908745 0.026352089144656896 1.4818480755184973 0.38149237653125495 1.0556848375359671 0.80998147002683263 0.29805972064427178 0.036317920031181346 -0.28041491803745994 -0.33435104765013374 0.043815481593647086 -1.2487714449963003
decision_type=2 2 2 2 2 2 2 2 2 2 2 2 2 2 2
left_child=1 2 3 -1 5 -3 11 8 -8 -4 -6 12 -2 -9 -13
right_child=6 4 9 -5 10 -7 7 13 -10 -11 -12 14 -14 -15 -16
leaf_value=-0.13371792510072739 -0.1230011166849766 0.028395894173752642 -0.1936625518561077 0.014316561869374887 -0.043601050107518052 -0.01265830253830948 0.090119456582048105 -0.13153554533982578 -0.12269975233179549 -0.12209450314294357 -0.11557344108840371 -0.035109242887389445 -0.088891779753308101 -0.08962855912113632 -0.20498183500324085
leaf_weight=4076.5089446902275 5702.9364198595285 96600.973934218287 1024.9328659623861 7394.2256969660521 1300.7281721681356 13933.345785006881 2172.8556267619133 1594.3965242356062 1194.8175793588161 4806.2157015949488 1170.0240107178688 19.727519273757935 1845.0572593361139 1340.8642746210098 256.26418656110764
leaf_count=17924 34841 209564 4214 24485 5657 29958 2847 8956 7595 27309 7209 49 8392 6289 1040
internal_value=-0.000340441 0.00882697 -0.0707753 -0.0382924 0.0210146 0.0232208 -0.0849008 -0.0445327 0.0146133 -0.134674 -0.0776836 -0.117421 -0.114663 -0.112392 -0.19284
internal_weight=144434 130307 17301.9 11470.7 113005 110534 14126.9 6302.93 3367.67 5831.15 2470.75 7823.99 7547.99 2935.26 275.992
internal_count=396329 326320 73932 42409 252388 239522 70009 25687 10442 31523 12866 44322 43233 15245 1089
is_linear=0
shrinkage=0.1


Tree=10
num_leaves=16
num_cat=0
split_feature=3 3 11 6 6 6 3 11 3 6 11 6 11 1 11
split_gain=9591.03 11008.4 2867.51 2845.76 1641.78 2178.44 2987.52 1592.29 471.191 842.079 146.849 254.47 127.769 52.2411 2.18339
threshold=0.3519824774365255 -0.48555215938521507 -0.39727102318633367 1.0217977003441647 0.38149237653125495 1.0556848375359671 0.80998147002683263 -1.2404152969119633 -0.99562837809803217 -0.3142653556463732 0.65250402573607225 -0.82103659383362981 0.043815481593647086 -0.28041491803745994 0.63488538322764321
decision_type=2 2 2 2 2 2 2 2 2 2 2 2 2 2 2
left_child=1 8 7 -4 10 6 -6 -3 14 -10 13 -12 -7 -2 -1
right_child=4 2 3 -5 5 12 -8 -9 9 -11 11 -13 -14 -15 -16
leaf_value=-0.12265663628036082 -0.12137287946214166 -0.10176453532174308 0.039481861725107564 0.0022360940147626101 0.082772110813439173 -0.12704646112196422 -0.11977441027524163 -0.0039070089436104832 -0.005777601699493721 -0.11455097460266682 -0.11713298003026958 -0.052888244920050176 -0.084060160223084726 -0.18309502736791061 -0.12863061632826567
leaf_weight=4360.1667129993439 4557.7566612958908 1751.8005526512861 53541.767138287425 33254.799190312624 2131.3571003526449 1490.9993807673454 1106.1546333134174 32717.900773227215 1140.1888171881437 1893.9233914166689 1701.6958832740784 966.83547806739807 1289.4449428021908 141.38323247432709 711.64492185413837
leaf_count=29049 29535 10719 86642 67647 2847 8956 7595 114025 3328 10736 10199 4011 6289 577 4174
internal_value=-0.000358051 0.00797937 0.0155211 0.0252117 -0.0809393 -0.0421886 0.0135684 -0.00888027 -0.104847 -0.073675 -0.112591 -0.0938565 -0.107111 -0.12323 -0.123495
internal_weight=142758 129372 121266 86796.6 13385.6 6017.96 3237.51 34469.7 8105.92 3034.11 7367.67 2668.53 2780.44 4699.14 5071.81
internal_count=396329 326320 279033 154289 70009 25687 10442 124744 47287 14064 44322 14210 15245 30112 33223
is_linear=0
shrinkage=0.1


Tree=11
num_leaves=16
num_cat=0
split_feature=3 3 6 1 6 1 6 3 6 6 4 11 26 1 11
split_gain=8364.22 9187.32 2665.33 29462.6 7960.9 481.581 1078.64 477.681 765.466 410.372 66.8278 46.0971 164.194 12.6646 1.5075
threshold=0.42162587664473189 -0.48555215938521507 -0.97626098553209772 -0.021519653128722425 1.0217977003441647 -0.51092035333568331 0.2518343728024583 -0.99562837809803217 -0.3142653556463732 1.0685038712658168 -1.6870701269074306 1.6454708398294222 -1.1410947857256075 -0.56233824984324132 0.63488538322764321
decision_type=2 2 2 2 2 2 2 2 2 2 2 2 2 2 2
left_child=1 7 3 -3 -4 11 10 14 -9 -8 -7 13 -13 -2 -1
right_child=5 2 4 -5 -6 6 9 8 -10 -11 -12 12 -14 -15 -16
leaf_value=-0.12004488083971572 -0.1176640048547504 -0.17964941776586779 0.059860002943104722 0.033274928821563542 -0.0028589933497930953 -0.031141831990941782 0.060897512174365613 -0.0052076162019833528 -0.11022990327221599 -0.064809493120344883 -0.11596772586794935 0.13199198123282416 -0.12837797460645686 -0.093586822073230713 -0.12519872503454971
leaf_weight=4026.6361590623856 5042.8329263925552 8092.7092898637056 33890.285009406507 32991.39140035212 50237.63134457171 98.038931638002396 685.49968972802162 1138.5759697705507 1777.3999456167221 418.07364457845688 1763.366525888443 34.002081096172333 84.189396128058434 228.35702812671661 660.65673492848873
leaf_count=29049 37294 32631 59649 73274 129009 431 987 3328 10736 2275 11534 62 519 1377 4174
internal_value=-0.000374804 0.00573004 0.0122111 -0.00866672 0.0224069 -0.0974279 -0.0650584 -0.101002 -0.0692228 0.0132751 -0.1115 -0.115236 -0.0534731 -0.116621 -0.120771
internal_weight=141170 132815 125212 41084.1 84127.9 8354.36 2964.98 7603.27 2915.98 1103.57 1861.41 5389.38 118.191 5271.19 4687.29
internal_count=396329 341850 294563 105905 188658 54479 15227 47287 14064 3262 11965 39252 581 38671 33223
is_linear=0
shrinkage=0.1


Tree=12
num_leaves=16
num_cat=0
split_feature=1 1 6 6 6 3 1 1 3 6 6 16 5 23 6
split_gain=7296.98 8361.2 3712.22 6100.59 2748.91 38406.2 10949.5 432.379 357.298 854.949 458.816 70.1625 4.43464 20.9002 3.46697
threshold=-0.3425022516847111 0.26012151264341205 0.87055274451399633 -0.97505276651908745 -0.93017844927127002 0.013924845541645274 0.01438291332926693 0.29805972064427178 0.80998147002683263 0.32367797883584121 1.0711989584973256 -1.6460603306496384 1.6732746917190495 -0.79820238217129402 1.1382619198063098
decision_type=2 2 2 2 2 2 2 2 2 2 2 2 2 2 2
left_child=8 4 3 -3 5 -2 -6 -4 9 11 -11 -1 14 -14 -10
right_child=1 2 7 -5 6 -7 -8 -9 12 10 -12 -13 13 -15 -16
leaf_value=-0.028813120666295336 0.043796317680918184 -0.12799301968647062 -0.18368581765088521 0.02410818009623935 0.051163944659799655 -0.1651677462227048 -0.045301312615246919 -0.11498562841304463 -0.11672845284759081 0.052555066479587881 -0.087751253710486199 -0.11644982566984952 0.022117124354267336 -0.11796272871639629 -0.10512548619042805
leaf_weight=96.567060150206089 39382.686067938805 4058.0312821865082 1180.2662855833769 7530.3021979480982 49439.356641486287 11324.61211283505 15441.84189081192 4093.2764843776822 4109.520028360188 659.79121761023998 360.36699439585209 1692.6421434655786 13.305103838443754 53.399195984005928 274.736956179142
leaf_count=533 82462 18852 4943 25553 99764 46278 39487 27309 33188 1168 2086 12025 86 414 2181
internal_value=-0.000375156 0.00497552 -0.0608072 -0.029155 0.0145718 -0.00287225 0.028205 -0.130361 -0.0979876 -0.0700647 0.00299239 -0.11172 -0.115612 -0.0900218 -0.116001
internal_weight=139711 132450 16861.9 11588.3 115588 50707.3 64881.2 5273.54 7260.33 2809.37 1020.16 1789.21 4450.96 66.7043 4384.26
internal_count=396329 344648 76657 44405 267991 128740 139251 32252 51681 15812 3254 12558 35869 500 35369
is_linear=0
shrinkage=0.1


Tree=13
num_leaves=16
num_cat=0
split_feature=1 3 0 0 1 3 6 3 6 6 12 3 6 6 11
split_gain=6600.6 7137.69 2456.27 3249.63 1936.64 1188.2 1673.75 262.828 385.348 324.026 88.5544 50.127 1.43658 1.69907 0.00124689
threshold=0.44973952668373357 0.3519824774365255 -0.0085399721164842787 -0.01775433361282094 0.27480406816643821 0.60850664286104028 -0.82103659383362981 -0.99562837809803217 -0.43135869159500301 -1.0086086228197051 1.2098718808972004 0.80998147002683263 0.87055274451399633 -0.97505276651908745 0.63488538322764321
decision_type=2 2 2 2 2 2 2 2 2 2 2 2 2 2 2
left_child=1 2 3 -1 -4 6 -3 12 9 -9 -10 -7 13 -2 -14
right_child=7 5 4 -5 -6 11 -8 8 10 -11 -12 -13 14 -15 -16
leaf_value=-0.012219449405752744 -0.1150884528377363 -0.11329409326906725 -0.0017942034796199014 0.035348393975304926 -0.09414889345394728 -0.08461776775727517 -0.0072696729900301425 -0.10293947287938912 -0.11423492740944426 0.051775311486201084 -0.004139571432376048 -0.11364263914053321 -0.1148316296249192 -0.12044449055432822 -0.11515608038531633
leaf_weight=19540.607078611851 811.41997428238392 2276.644878230989 44808.036246292293 54188.775997437537 2391.7510530948639 696.21512179076672 4303.4063023477793 214.30300690233707 999.62523250281811 367.51417100429535 78.819286480545998 4093.68616938591 1037.1554052829742 2192.9929646849632 133.72079819440842
leaf_count=42573 7174 16997 144585 86049 10808 4684 12459 998 6690 995 399 35869 9221 15658 1170
internal_value=-0.000374818 0.00421614 0.0113383 0.0227414 -0.00647409 -0.0715345 -0.0439533 -0.104457 -0.0708024 -0.00521139 -0.106188 -0.109424 -0.11784 -0.118998 -0.114869
internal_weight=138135 132299 120929 73729.4 47199.8 11370 6580.05 5835.55 1660.26 581.817 1078.44 4789.9 4175.29 3004.41 1170.88
internal_count=396329 354024 284015 128622 155393 70009 29456 42305 9082 1993 7089 40553 33223 22832 10391
is_linear=0
shrinkage=0.1


Tree=14
num_leaves=16
num_cat=0
split_feature=1 1 0 0 3 3 6 3 6 15 18 5 6 6 11
split_gain=5793.97 6087.17 2367.38 4540.8 2061.83 359.221 756.685 115.889 281.132 384.913 65.2135 5.10102 1.01156 1.19079 0.00088167
threshold=0.51833888183678278 -0.3425022516847111 -0.014316952851434609 -0.017627882009008215 -0.34534534091257607 0.80998147002683263 0.32367797883584121 -0.99562837809803217 -0.43135869159500301 1.0258773107894636 -1.4882437555084065 1.6732746917190495 0.87055274451399633 -0.97505276651908745 0.63488538322764321
decision_type=2 2 2 2 2 2 2 2 2 2 2 2 2 2 2
left_child=1 5 3 -3 -4 6 -1 12 9 -9 -10 -7 13 -2 -14
right_child=7 2 4 -5 -6 11 -8 8 10 -11 -12 -13 14 -15 -16
leaf_value=-0.10646233922556686 -0.11345198779530621 -0.010651141281411201 -0.068790683575982975 0.048676150579482803 0.00094627473133714567 -0.11234614514018584 0.0051874508951738237 -0.080265453556932542 0.0827756044361702 0.14581955469741409 -0.12072283900286929 -0.082365252014281715 -0.11322264178637441 -0.11813082179441302 -0.11350750610069223
leaf_weight=1570.9374095201492 744.24886535108089 21863.711072601378 4522.2871216014028 31470.736559092999 67829.026408389211 3701.641927704215 989.27195996046066 220.10734961926937 16.147683553397655 114.46563977003098 635.63889395445585 57.633803866803646 951.10749539732933 2021.1588981449604 122.6625157892704
leaf_count=12558 7174 49261 18975 44332 192823 35369 3254 1036 88 258 4652 500 9221 15658 1170
internal_value=-0.000378676 0.00355568 0.00837083 0.0243558 -0.0034126 -0.092211 -0.0633206 -0.108005 -0.0774314 -0.00291622 -0.115681 -0.111887 -0.11586 -0.116872 -0.113255
internal_weight=136831 132005 125686 53334.4 72351.3 6319.49 2560.21 4825.54 986.36 334.573 651.787 3759.28 3839.18 2765.41 1073.77
internal_count=396329 357072 305391 93593 211798 51681 15812 39257 6034 1294 4740 35869 33223 22832 10391
is_linear=0
shrinkage=0.1


Tree=15
num_leaves=16
num_cat=0
split_feature=1 3 6 1 3 6 6 11 3 6 15 18 6 6 11
split_gain=5113.16 5377.85 2236.77 34754.1 11069.5 1400.1 2410.22 171.916 119.992 260.526 304.253 59.0207 0.7164 0.839789 0.000626641
threshold=0.51833888183678278 0.34738119990644234 1.0217977003441647 0.017732942870935967 0.013924845541645274 0.38149237653125495 1.0685038712658168 0.65250402573607225 -0.99562837809803217 -0.43135869159500301 1.0258773107894636 -1.4882437555084065 0.87055274451399633 -0.97505276651908745 0.63488538322764321
decision_type=2 2 2 2 2 2 2 2 2 2 2 2 2 2 2
left_child=1 2 4 -4 -1 7 -7 -3 12 10 -10 -11 13 -2 -14
right_child=8 5 3 -5 -6 6 -8 -9 9 11 -12 -13 14 -15 -16
leaf_value=0.042413056052055059 -0.11201234438454151 -0.11362655242070104 0.039042125150694343 -0.16434671864888917 -0.048747323451025421 0.025911160139058705 -0.10894205558969153 -0.077272909964992753 -0.075208974824901034 0.070346261548570516 0.12336885856834839 -0.11840745193978025 -0.11180718158587143 -0.11611573737966532 -0.11205811998438919
leaf_weight=55076.060427851975 681.63485188782215 3355.6204617768526 36694.040167540312 10896.174588285387 17569.633206754923 3304.7041761800647 2212.8109488338232 2124.3391772061586 211.85378681123257 17.047911889851093 121.35342203080654 585.81603403389454 870.93310881406069 1858.9216128587723 112.35145255923271
leaf_count=112751 7174 30451 78917 46892 47001 12269 14314 14477 1036 88 258 4652 9221 15658 1170
internal_value=-0.000374687 0.00320386 0.00932612 -0.00752544 0.0203656 -0.0637311 -0.028172 -0.0995338 -0.105674 -0.0738489 -0.00288731 -0.11307 -0.114128 -0.115015 -0.111836
internal_weight=135693 131233 120236 47590.2 72645.7 10997.5 5517.52 5479.96 4459.91 936.071 333.207 602.864 3523.84 2540.56 983.285
internal_count=396329 357072 285561 125809 159752 71511 26583 44928 39257 6034 1294 4740 33223 22832 10391
is_linear=0
shrinkage=0.1


Tree=16
num_leaves=16
num_cat=0
split_feature=1 1 11 0 11 3 6 3 6 6 12 5 6 6 11
split_gain=4526.42 4738.83 2253.78 1771.7 1288.14 387.872 657.608 258.87 299.508 285.035 80.1326 5.55466 0.509919 0.595486 0.000447368
threshold=0.44973952668373357 -0.3425022516847111 -0.39727102318633367 -0.01775433361282094 -1.2589352444534321 0.80998147002683263 0.062615158182090028 -0.99562837809803217 -0.55304843057132114 -1.0086086228197051 1.2098718808972004 1.6732746917190495 0.87055274451399633 -0.97505276651908745 0.63488538322764321
decision_type=2 2 2 2 2 2 2 2 2 2 2 2 2 2 2
left_child=1 5 4 -4 -3 6 -1 12 9 -9 -10 -7 13 -2 -14
right_child=7 2 3 -5 -6 11 -8 8 10 -11 -12 -13 14 -15 -16
leaf_value=-0.10331377558117782 -0.11074198478863691 -0.10406775333461621 -0.010252729487387325 0.023330735042674057 -0.01022764769970938 -0.10989088132247343 0.0035044537900001866 -0.09703498452912189 -0.10503236166702082 0.053159103071677496 0.0030935458892965132 -0.076897823536752036 -0.11055817420126179 -0.11435311619237119 -0.11077986433203452
leaf_weight=1299.0746249333024 623.4808888733387 1529.8043926805258 20375.295163840055 68586.789875499904 33398.247254997492 3194.6567999869585 1035.9285177141428 201.37612536549568 856.44985050708055 339.16878640651703 74.503315672278404 51.856760501861572 796.4989640340209 1706.6138816177845 102.7726323902607
leaf_count=12117 7174 10826 46276 124668 120573 35369 3695 998 6814 862 408 500 9221 15658 1170
internal_value=-0.000372849 0.00312698 0.00718773 0.015639 -0.0143377 -0.0870074 -0.0559237 -0.0967656 -0.0620015 -0.00279463 -0.0963791 -0.109364 -0.112606 -0.113387 -0.110584
internal_weight=134173 129472 123890 88962.1 34928.1 5581.52 2335 4700.86 1471.5 540.545 930.953 3246.51 3229.37 2330.09 899.272
internal_count=396329 354024 302343 170944 131399 51681 15812 42305 9082 1860 7222 35869 33223 22832 10391
is_linear=0
shrinkage=0.1


Tree=17
num_leaves=16
num_cat=0
split_feature=1 1 6 1 6 3 6 3 6 5 18 5 6 6 11
split_gain=4005.32 4121.02 2195.26 25465.2 10051.4 243.693 340.123 125.674 227.076 268.935 58.4614 5.84592 0.364545 0.424269 0.000320653
threshold=0.51833888183678278 -0.37493302665081496 -0.94927463533408296 -0.035372042959580442 1.0077435004246025 0.80998147002683263 0.062615158182090028 -0.99562837809803217 -0.43135869159500301 -0.27967066316469563 -1.4882437555084065 1.6732746917190495 0.87055274451399633 -0.97505276651908745 0.63488538322764321
decision_type=2 2 2 2 2 2 2 2 2 2 2 2 2 2 2
left_child=1 5 3 -3 -4 6 -1 12 9 -9 -10 -7 13 -2 -14
right_child=7 2 4 -5 -6 11 -8 8 10 -11 -12 -13 14 -15 -16
leaf_value=-0.10156603492482381 -0.1096179785305621 -0.15879483157708507 0.074087149875600666 0.022890452699740479 -0.0072009664966381686 -0.10860325957469193 -0.0070297639446289294 0.076810641799897439 0.075455089151193699 -0.10584887078144818 -0.11490969089391914 -0.073719078846227637 -0.10945309122209046 -0.11280549231164233 -0.10964944438260758
leaf_weight=845.01161525398493 569.63704420626163 9390.6871781200171 21780.939043827355 43219.748663812876 50433.165950641036 2923.1649001911283 692.42862048000097 185.7172526717186 16.668601416051388 142.41698662191629 501.3955305814743 48.841836288571358 727.60561972111464 1564.3047395125031 93.902074322104454
leaf_count=8493 7174 43110 34147 96941 135837 35369 2675 539 88 755 4652 500 9221 15658 1170
internal_value=-0.000368928 0.0026048 0.0059976 -0.00953942 0.0173168 -0.0913101 -0.058989 -0.101537 -0.0675576 -0.00246733 -0.108785 -0.10803 -0.111266 -0.111955 -0.109476
internal_weight=133136 129334 124825 52610.4 72214.1 4509.45 1537.44 3801.65 846.198 328.134 518.064 2972.01 2955.45 2133.94 821.508
internal_count=396329 357072 310035 140051 169984 47037 11168 39257 6034 1294 4740 35869 33223 22832 10391
is_linear=0
shrinkage=0.1


Tree=18
num_leaves=16
num_cat=0
split_feature=1 3 6 6 1 6 3 1 6 6 1 1 6 13 3
split_gain=3667.35 3899.82 2902.02 5741.41 4755.63 1832.23 22819.8 8470.88 1419.51 2611.72 384.319 245.979 209.882 143.609 24.6643
threshold=0.26012151264341205 0.34276270511043178 0.87055274451399633 -0.97505276651908745 0.42288789827473611 -0.93017844927127002 0.018455046666232999 0.01438291332926693 0.2518343728024583 1.0685038712658168 0.31602704651062041 0.29805972064427178 -0.82103659383362981 -2.7193322672793596 -0.36133723783680283
decision_type=2 2 2 2 2 2 2 2 2 2 2 2 2 2 2
left_child=1 5 3 10 -5 6 -1 -7 12 -10 -2 14 -3 -13 -4
right_child=2 8 11 4 -6 7 -8 -9 9 -11 -12 13 -14 -15 -16
leaf_value=0.03033141077789709 -0.15339163030954145 -0.11064704628409182 -0.14146262985588959 0.095420125954171348 -0.083918814123290927 0.04495188009189835 -0.14496146478896804 -0.041381736147401517 0.031160110553027975 -0.10886226418414768 -0.088041045542664509 0.1348145787760831 -0.065432975889574793 -0.10661755892754382 -0.17214590617056796
leaf_weight=38462.674888156354 1838.9434229880571 2983.5675460323691 433.36470627784729 4417.9169910699129 2222.462986856699 44275.258220791817 9203.5538641810417 15289.668619163334 3626.3649666458368 2105.5129372105002 1762.2766004055738 24.84414679557085 1565.288806989789 2956.6238071322441 662.4321641549468
leaf_count=83087 7101 31489 2112 6190 19363 88888 35119 39487 14173 14756 11751 108 12673 27201 2831
internal_value=-0.000365209 0.00545691 -0.0481461 -0.019741 0.0353973 0.0110976 -0.00351472 0.022791 -0.0533773 -0.0202749 -0.121412 -0.119496 -0.0950886 -0.104606 -0.160011
internal_weight=131831 117512 14318.9 10241.6 6640.38 107231 47666.2 59564.9 10280.7 5731.88 3601.22 4077.26 4548.86 2981.47 1095.8
internal_count=396329 319672 76657 44405 25553 246581 118206 128375 73091 28929 18852 32252 44162 27309 4943
is_linear=0
shrinkage=0.1


Tree=19
num_leaves=16
num_cat=0
split_feature=3 3 0 0 1 11 20 4 15 0 1 5 19 12 3
split_gain=3189.21 3325.87 2025.53 3143.23 1420.26 223.344 128.825 104.636 319.332 201.767 95.2323 28.3491 89.8377 4.78594 0.371377
threshold=-0.70995214402371387 0.50592852696315616 -0.014316952851434609 -0.017439039560848565 0.27070912190082902 1.6271424552324822 -4.5632368524163471 1.1961087581831136 1.0258773107894636 -0.01756501109567583 -0.56233824984324132 -1.7399678905041387 1.4757662911750897 1.2098718808972004 -0.99562837809803217
decision_type=2 2 2 2 2 2 2 2 2 2 2 2 2 2 2
left_child=7 2 3 -2 -4 10 -7 11 14 -10 -3 12 -1 -13 -9
right_child=1 5 4 -5 -6 6 -8 8 9 -11 -12 13 -14 -15 -16
leaf_value=-0.089682870615451799 -0.0073402459792209765 -0.10604304397747757 -0.002586350124478198 0.041934981062133586 -0.062948661898401079 0.48548698713987087 -0.0086614403927606689 -0.11129878783459353 -0.062472365394775943 0.20219472597454843 -0.066427503755244963 -0.10980015432996684 0.27589511970383157 -0.091548691031874588 -0.11910370681621288
leaf_weight=44.582019187510014 23482.121993102133 2720.0175303965807 66825.488985259086 28850.641950644553 4139.4146768152714 5.396891474723815 235.03343806415796 135.46516982465982 51.389388300478458 65.537916921079159 781.05733999609947 2528.3326730728149 7.9154787361621848 152.32774741947651 110.85292911529541
leaf_count=551 54468 37226 196761 42758 19241 6 1410 1539 419 128 6534 32507 13 1801 967
internal_value=-0.000363211 0.0020808 0.00489938 0.0198248 -0.00610731 -0.0908026 0.00243061 -0.100636 -0.0502115 0.0858739 -0.0972052 -0.107338 -0.0345617 -0.108763 -0.114811
internal_weight=130136 127039 123298 52332.8 70964.9 3741.51 240.43 3096.4 363.245 116.927 3501.07 2733.16 52.4975 2680.66 246.318
internal_count=396329 358404 313228 97226 216002 45176 1416 37925 3053 547 43760 34872 564 34308 2506
is_linear=0
shrinkage=0.1


Tree=20
num_leaves=16
num_cat=0
split_feature=3 1 11 6 11 3 6 4 15 6 5 6 5 12 3
split_gain=2835.11 2925.85 1788.44 1708.8 1007.78 124.187 200.218 102.253 277.439 157.361 27.3931 80.1073 6.9955 5.24969 0.271383
threshold=-0.70995214402371387 -0.4357263071200384 -0.67450333134742557 1.0469222624046255 -1.2814200638175082 0.80998147002683263 0.73621410858233338 1.1961087581831136 1.0258773107894636 -0.43135869159500301 -1.7399678905041387 -0.97249497130328011 1.6732746917190495 1.2098718808972004 -0.99562837809803217
decision_type=2 2 2 2 2 2 2 2 2 2 2 2 2 2 2
left_child=7 5 4 -4 -3 6 -2 10 14 -10 11 -1 -7 -12 -9
right_child=1 2 3 -5 -6 12 -8 8 9 -11 13 -13 -14 -15 -16
leaf_value=0.17454611530357383 -0.098085752630500969 -0.10699166647143243 0.019325855766829825 -0.0087784638411210619 -0.015227891720890419 -0.1059269338226848 0.010120522053083229 -0.11011611992373722 0.14522861923708508 -0.11268882434984534 -0.10873671303731439 -0.10978141396875032 -0.064296324122954052 -0.088908210116929107 -0.11708298892763541
leaf_weight=13.573323648422955 463.08315598964691 1262.1488077491522 67057.111958883703 31938.769538901746 23114.787948638201 2326.0023781731725 271.11349370330572 123.82292603701353 87.0575235709548 32.481734231114388 2308.9597668685019 36.706093203276396 41.076738305389881 141.71764748170972 101.94592838734388
leaf_count=73 5429 10341 136072 75601 93979 35369 1113 1539 193 354 32507 491 500 1801 967
internal_value=-0.000348659 0.00187254 0.00428404 0.0102586 -0.0199791 -0.0940598 -0.0581289 -0.0990481 -0.0480386 0.0751462 -0.106091 -0.033025 -0.105205 -0.10759 -0.113262
internal_weight=129320 126474 123373 98995.9 24376.9 3101.28 734.197 2846.26 345.308 119.539 2500.96 50.2794 2367.08 2450.68 225.769
internal_count=396329 358404 315993 211673 104320 42411 6542 37925 3053 547 34872 564 35869 34308 2506
is_linear=0
shrinkage=0.1


Tree=21
num_leaves=16
num_cat=0
split_feature=1 3 6 6 3 6 1 6 1 11 1 13 1 5 3
split_gain=2585.16 2742.86 2626.97 4984.82 3425.34 2050.4 20514 7724.78 302.127 211.442 182.287 123.232 103.151 88.5189 15.8179
threshold=0.26012151264341205 0.50592852696315616 0.87055274451399633 -0.97505276651908745 -0.56740745628791667 -0.93017844927127002 -0.021519653128722425 1.0077435004246025 0.31602704651062041 1.6271424552324822 0.29805972064427178 -2.7193322672793596 -0.56233824984324132 -1.3630877809221276 -0.36133723783680283
decision_type=2 2 2 2 2 2 2 2 2 2 2 2 2 2 2
left_child=1 5 3 8 -5 6 -1 -7 -2 12 14 -12 -3 -11 -4
right_child=2 9 10 4 -6 7 -8 -9 -10 13 11 -13 -14 -15 -16
leaf_value=-0.13480155825022072 -0.14051428251175532 -0.10383607555652163 -0.13479602603525598 -0.079659822950630677 0.085365680353849116 0.078017574180473725 0.024999950041596993 -0.001652167180479992 -0.080720121669224335 0.11716720218238025 0.11478143545382841 -0.1028966879980296 -0.060685361526809617 -0.028473382739003874 -0.16016519549830666
leaf_weight=10154.751919027418 1791.5816360637546 2276.5379886031151 401.02430898696184 1756.0936453267932 4432.3786019384861 16399.969814658165 38450.378258660436 47187.78850774467 1599.4239806458354 54.260527141392231 26.274942487478256 2552.3370224162936 732.14709119126201 180.74341930449009 634.85822984576225
leaf_count=48633 7101 37226 2112 19115 6438 23238 84434 118191 11751 184 108 27201 6534 1232 2831
internal_value=-0.00033753 0.00445525 -0.0422705 -0.0148615 0.0385366 0.00707625 -0.00838633 0.0188955 -0.112311 -0.0862001 -0.114912 -0.100679 -0.0933356 0.00515386 -0.150344
internal_weight=128631 115437 13194 9579.48 6188.47 112193 48605.1 63587.8 3391.01 3243.69 3614.49 2578.61 3008.69 235.004 1035.88
internal_count=396329 319672 76657 44405 25553 274496 133067 141429 18852 45176 32252 27309 43760 1416 4943
is_linear=0
shrinkage=0.1


Tree=22
num_leaves=15
num_cat=0
split_feature=1 3 11 0 11 3 24 3 19 26 4 6 11 13
split_gain=2266.39 2284.18 1492.68 2628.69 1164.28 77.6188 90.3761 29.9242 64.0027 79.5925 8.4458 0.122705 0.112786 0.00270043
threshold=0.71116015218288731 0.60850664286104028 0.66902593897577756 -0.016914700965420467 -1.2404152969119633 0.80998147002683263 5.5729838720902176 -0.99562837809803217 1.4757662911750897 -1.1459299918677943 0.8977565591010338 0.87055274451399633 0.63488538322764321 -2.7193322672793596
decision_type=2 2 2 2 2 2 2 2 2 2 2 2 2 2
left_child=1 2 4 -4 -1 6 -3 11 9 -9 -7 12 -2 -13
right_child=7 5 3 -5 -6 10 -8 8 -10 -11 -12 13 -14 -15
leaf_value=-0.092379513287399906 -0.1069731027740351 -0.063221941705619011 -0.0042620405602832164 0.040930393720426082 -0.0042678696859416781 -0.10625819739575942 0.27676479189796566 0.068412083677962254 0.18937904574008882 -0.11614554986472765 -0.089034491792810658 -0.108745403042532 -0.10938528795478726 -0.10555235267859452
leaf_weight=1532.9853571690619 1191.3189608976245 441.19926574081182 28491.375231795013 23476.066190946847 68972.589152276516 1630.6559639275074 7.959668517112731 29.531442757695913 9.5861216224729997 111.94873344153166 344.92056446522474 2.6622984409332267 231.50340159982443 515.90936999022961
leaf_count=12664 19828 4670 65882 35054 207604 29904 14 144 20 1185 5965 36 3004 10355
internal_value=-0.000337616 0.00139154 0.00329436 0.0161534 -0.00618366 -0.09472 -0.0571969 -0.10355 -0.0606795 -0.0776225 -0.103251 -0.106886 -0.107366 -0.105569
internal_weight=126990 124898 122473 51967.4 70505.6 2424.74 449.159 2092.46 151.066 141.48 1975.58 1941.39 1422.82 518.572
internal_count=396329 361757 321204 100936 220268 40553 4684 34572 1349 1329 35869 33223 22832 10391
is_linear=0
shrinkage=0.1


Tree=23
num_leaves=16
num_cat=0
split_feature=1 6 6 3 3 6 1 1 6 6 1 6 1 4 5
split_gain=2066.54 2375.09 4265.15 2653.41 2171.25 1372.67 16059.4 7525.77 1238.62 2322.91 316.18 199.508 143.288 138.907 15.0975
threshold=0.26012151264341205 0.87055274451399633 -0.98266055503922267 -0.65139327948205195 0.34276270511043178 -0.93017844927127002 -0.035372042959580442 0.01438291332926693 0.2518343728024583 1.0556848375359671 0.40129114348141853 -0.82103659383362981 0.30378952694069489 1.7750772596218534 -1.8123976473766747
decision_type=2 2 2 2 2 2 2 2 2 2 2 2 2 2 2
left_child=4 2 10 -4 5 6 -1 -7 11 -10 -2 -6 14 -14 -3
right_child=1 12 3 -5 8 7 -8 -9 9 -11 -12 -13 13 -15 -16
leaf_value=-0.13733282956606474 -0.12857819170836579 0.027660925880520555 -0.089973676154633211 0.06971135127259645 -0.10575808669380347 0.039224043837501263 0.021178567821746652 -0.042698882502021869 0.043505034013496258 -0.092924246893025544 -0.053945808781807596 -0.0568106225814973 -0.098294373133053906 0.35602899145660749 -0.14205008388667381
leaf_weight=7651.4778466932476 2266.9321425035596 5.2674802690744391 1327.5698539093137 4813.5912803858519 2353.4518210105598 43473.909179985523 38816.48021017015 15111.189440779388 3051.9661250598729 2111.395392164588 757.27384402602911 1288.7031621783972 2232.4756887219846 6.7500379830598822 1078.1107118092477
leaf_count=31659 9293 17 18728 7914 31489 88888 86547 39487 12674 16255 8470 12673 26561 7 5667
internal_value=-0.000320652 -0.0389375 -0.0126797 0.0351913 0.00391483 0.00791286 -0.00492214 0.0180932 -0.0437831 -0.0122835 -0.10989 -0.088439 -0.111369 -0.0969248 -0.141225
internal_weight=126347 12488 9165.37 6141.16 113859 105053 46468 58585.1 8805.52 5163.36 3024.21 3642.15 3322.6 2239.23 1083.38
internal_count=396329 76657 44405 26642 319672 246581 118206 128375 73091 28929 17763 44162 32252 26568 5684
is_linear=0
shrinkage=0.1


Tree=24
num_leaves=16
num_cat=0
split_feature=1 1 6 3 6 11 26 3 5 6 24 6 6 11 13
split_gain=1846.19 1899.05 1375.02 13663.5 3733.25 64.0134 137.033 35.2946 64.228 66.4815 27.1968 0.225201 0.0756655 0.0640551 0.00147903
threshold=0.71116015218288731 -0.51092035333568331 1.0698885865870336 -0.053679999949526422 -0.93017844927127002 1.6454708398294222 -1.1410947857256075 -0.99562837809803217 -0.7073913218647957 -0.60248818469119947 -0.89088494478498703 -0.43135869159500301 0.87055274451399633 0.63488538322764321 -2.7193322672793596
decision_type=2 2 2 2 2 2 2 2 2 2 2 2 2 2 2
left_child=1 5 4 -4 -3 10 -7 12 9 -9 -1 -10 13 -2 -14
right_child=7 2 3 -5 -6 6 -8 8 11 -11 -12 -13 14 -15 -16
leaf_value=-0.0043358746937371987 -0.10576327457849455 -0.0075998898379299367 -0.14647469398325777 0.017133573884535288 0.034301476055450822 0.15790520376469461 -0.11699583738184792 0.10857796763238699 -0.11942321971321557 -0.11017107942960358 -0.10000461115443991 -0.10844553633943883 -0.10710991237174283 -0.10773471265838218 -0.10452846210165836
leaf_weight=30.183543108403683 1009.9895921610296 53049.528072003275 6345.8480113632977 26094.372406169772 35487.247177451849 30.721163436770439 44.254091791808605 36.694212548434734 32.734687119722366 22.359158478677273 1914.8189402930439 43.54762902110815 2.2310179807245722 196.95012065768242 429.05283417925239
leaf_count=476 19828 151474 30785 63620 76626 62 519 94 271 315 38195 669 36 3004 10355
internal_value=-0.000324647 0.00113604 0.00274166 -0.0148709 0.00919499 -0.0950249 -0.00435494 -0.101624 -0.0525433 0.0257538 -0.09852 -0.113156 -0.105679 -0.106085 -0.104542
internal_weight=124771 122997 120977 32440.2 88536.8 2019.98 74.9753 1773.56 135.336 59.0534 1945 76.2823 1638.22 1206.94 431.284
internal_count=396329 361757 322505 94405 228100 39252 581 34572 1349 409 38671 940 33223 22832 10391
is_linear=0
shrinkage=0.1


Tree=25
num_leaves=16
num_cat=0
split_feature=11 3 3 0 11 0 11 0 6 11 5 6 6 6 13
split_gain=1700.24 1630.44 1728.92 1503.96 1124.63 776.266 742.294 513.506 481.09 447.953 215.893 130.353 74.355 320.53 9.47027
threshold=-0.014544930989428263 0.3519824774365255 -0.36133723783680283 -0.01775433361282094 0.66902593897577756 -0.012851324577407739 -1.3067204692725227 -0.019359851628907705 1.0217977003441647 1.3153932073711361 1.6540415825506696 -0.65405701214474499 0.73621410858233338 1.0442096518090669 2.711581176148028
decision_type=2 2 2 2 2 2 2 2 2 2 2 2 2 2 2
left_child=1 2 11 7 5 -5 -4 10 -6 -9 -2 -1 14 -14 -3
right_child=3 12 6 4 8 -7 -8 9 -10 -11 -12 -13 13 -15 -16
leaf_value=-0.065116503598906902 -0.042220415123755073 -0.1096060380380942 -0.10344243285775626 -0.028633880508569666 0.040061887330891249 0.012484688789141378 -0.003833366674187726 -0.10763040151563114 0.014285644827202291 -0.0011821127091370871 0.082214437753313982 -0.10844879524505027 -0.013821836578299388 -0.1128320989682446 0.012704846268792987
leaf_weight=1376.738571729511 5583.1777929849923 1243.0404044725001 761.4837310872972 6308.6682724095881 19369.90735078603 16865.725299626589 42666.260706201196 406.10485423356295 11563.431732121855 14894.122964102775 143.00049863010645 1400.3366980105639 526.00647237151861 864.10874956101179 6.3628196604549876
leaf_count=12735 20806 23095 7168 23259 31479 37175 138546 8057 21514 36753 276 22184 3697 9487 98
internal_value=-0.000314145 -0.0148384 -0.0104716 0.009128 0.0179477 0.00129115 -0.00557996 -0.0135679 0.0304263 -0.00400751 -0.0391129 -0.0869668 -0.0912793 -0.0753676 -0.108983
internal_weight=123978 48844.3 46204.8 75134.1 54107.7 23174.4 43427.7 21026.4 30933.3 15300.2 5726.18 2777.08 2639.52 1390.12 1249.4
internal_count=396329 217010 180633 179319 113427 60434 145714 65892 52993 44810 21082 34919 36377 13184 23193
is_linear=0
shrinkage=0.1


Tree=26
num_leaves=15
num_cat=0
split_feature=3 3 11 6 11 3 6 6 6 11 6 6 13 11
split_gain=1530.5 1542.51 1197.57 1179.85 696.622 86.5497 81.656 11.7689 0.0495791 0.0488684 0.0182959 0.00461556 0.000783736 0.000495031
threshold=-0.99562837809803217 0.60850664286104028 -0.67450333134742557 1.0217977003441647 -1.3067204692725227 0.80998147002683263 0.73621410858233338 1.1382619198063098 0.87055274451399633 0.63488538322764321 -0.97505276651908745 -0.97505276651908745 -2.7193322672793596 -0.014544930989428263
decision_type=2 2 2 2 2 2 2 2 2 2 2 2 2 2
left_child=8 2 4 -4 -2 6 -3 -7 9 10 -1 -11 -10 -14
right_child=1 5 3 -5 -6 7 -8 -9 12 11 -12 -13 13 -15
leaf_value=-0.10404978618984372 -0.10477766820244959 -0.083904220457347689 0.016133072623454116 -0.006525814330070271 -0.014469676750131688 -0.10272799337541989 0.010226808816081165 -0.063514900531759941 -0.10578281566489663 -0.10565674960765983 -0.10507905982280719 -0.10691295558378495 -0.10364859893871331 -0.10390676050607689
leaf_weight=240.01136382296681 887.40609230101109 238.33798107132316 58560.398874010891 37821.646096412092 22806.901153821498 1390.2669227272272 150.25223874300718 80.996439337730408 1.8594911247491825 37.396569512784481 615.79018641635776 134.23857831954956 252.65660276263952 105.20420897752047
leaf_count=6426 9611 3893 125857 91601 95484 33671 791 2198 36 748 13402 2256 7440 2915
internal_value=-0.000298159 0.000890043 0.00228982 0.00724141 -0.0178519 -0.0894827 -0.0475075 -0.100569 -0.104746 -0.105099 -0.10479 -0.106639 -0.103735 -0.103724
internal_weight=123323 121936 120076 96382 23694.3 1859.85 388.59 1471.26 1387.16 1027.44 855.802 171.635 359.72 357.861
internal_count=396329 363106 322553 217458 105095 40553 4684 35869 33223 22832 19828 3004 10391 10355
is_linear=0
shrinkage=0.1


Tree=27
num_leaves=16
num_cat=0
split_feature=3 3 6 1 6 11 6 6 13 6 6 6 6 5 19
split_gain=1400.61 1392.29 1128.68 13665.9 5953.23 406.891 390.395 243.597 164.032 45.1799 93.2657 12.255 256.157 12.8665 7.63561
threshold=-0.46803395919432517 0.80998147002683263 -0.94689459909419049 -0.035372042959580442 1.0217977003441647 0.63488538322764321 -0.3142653556463732 -1.0472974389321201 1.2300810795066366 -0.60248818469119947 -0.9838237183727867 1.1382619198063098 1.1397204549933042 1.6732746917190495 1.4805247713066347
decision_type=2 2 2 2 2 2 2 2 2 2 2 2 2 2 2
left_child=5 2 3 -2 -4 9 7 -7 -8 10 -1 13 -13 -3 -11
right_child=1 11 4 -5 -6 6 8 -9 -10 14 -12 12 -14 -15 -16
leaf_value=-0.10788304564024707 -0.12283372009776604 -0.10349724324925216 0.057752064172444786 0.015090477842683407 -0.0077637515937834176 -0.10120965834773804 -0.090987735853015034 0.04254619252532775 0.085023171942785775 -0.10698747504499749 -0.037179411573316015 0.72088666206821062 -0.10372736109303436 -0.030900434205161462 -0.02505781789803423
leaf_weight=396.49632684886456 8673.3466478958726 1240.7754717823118 19507.069042406976 41831.721293393523 47990.973858311772 140.21598643064499 711.76918284595013 739.79053128883243 57.203348331153393 1139.6957458890975 352.3772667683661 3.9738536775112143 72.397022128105164 24.903324522078037 11.489949567243455
leaf_count=7085 49124 33188 34301 96841 131340 868 7975 2847 336 24224 5338 80 2118 483 181
internal_value=-0.000282182 0.00155879 0.00271065 -0.00859555 0.0111704 -0.0621893 -0.025843 0.0196408 -0.0778944 -0.0937326 -0.0746139 -0.0997215 -0.0608197 -0.102069 -0.10617
internal_weight=122894 119345 118003 50505.1 67498 3549.04 1648.98 880.007 768.973 1900.06 748.874 1342.05 76.3709 1265.68 1151.19
internal_count=396329 347475 311606 145965 165641 48854 12026 3715 8311 36828 12423 35869 2198 33671 24405
is_linear=0
shrinkage=0.1


Tree=28
num_leaves=16
num_cat=0
split_feature=1 6 6 3 3 6 3 1 6 11 1 6 13 5 4
split_gain=1354.76 1924.41 4570.62 1347.01 1312.54 1116.6 12648 5550.57 297.888 365.817 253.112 198.898 187.308 110.202 78.2614
threshold=0.26012151264341205 0.062615158182090028 -0.97505276651908745 -0.70995214402371387 0.44256736963280496 -0.93017844927127002 0.013924845541645274 0.01438291332926693 0.5591883114511037 -0.073834811514841461 0.31602704651062041 1.0077435004246025 -2.6182211373560427 -1.8123976473766747 1.6510934689666097
decision_type=2 2 2 2 2 2 2 2 2 2 2 2 2 2 2
left_child=4 2 10 -4 5 6 -1 -7 14 -10 -2 12 -3 -13 -6
right_child=1 11 3 -5 8 7 -8 -9 9 -11 -12 13 -14 -15 -16
leaf_value=0.019711580456261493 -0.12381965677333284 0.16067906365794776 -0.079017132753271838 0.083829845392409563 -0.096308780097124846 0.030747632371619916 -0.10946643046986369 -0.039447172722061281 -0.097978651187971832 0.014212840734536736 -0.065658871038043479 0.23571351769364957 -0.066262673521942414 -0.10925626407118534 0.0067650299195230277
leaf_weight=36870.29186168313 1686.8827139958739 37.444061422720551 587.0567902289331 3768.8904031030834 1562.3113405257463 46428.572734765708 9540.9845913592726 14873.690706908703 457.48920024186373 796.86035735718906 1344.7676278594881 9.2951325662434083 1266.2848588284105 2477.6542781945318 77.30840502306819
leaf_count=82462 7101 92 11143 5419 34548 99867 46486 39487 9755 6429 11751 86 11663 29402 638
internal_value=-0.000281218 -0.0334583 -0.00373697 0.0618827 0.00307174 0.00485731 -0.00684415 0.0137164 -0.0633869 -0.0267059 -0.0980209 -0.0913819 -0.0597447 -0.107967 -0.0914488
internal_weight=121786 11178.3 7387.6 4355.95 110608 107714 46411.3 61302.3 2893.97 1254.35 3031.65 3790.68 1303.73 2486.95 1639.62
internal_count=396329 76657 35414 16562 319672 268302 128948 139354 51370 16184 18852 41243 11755 29488 35186
is_linear=0
shrinkage=0.1


Tree=29
num_leaves=16
num_cat=0
split_feature=11 3 6 6 3 6 6 11 1 1 3 11 25 0 2
split_gain=1265.48 1033.67 1786.69 3284.28 1013.42 930.063 802.187 224.471 122.975 51.0742 58.9245 6.40599 10.2881 1.1068 0.812648
threshold=-1.185332201164542 -0.33209805276452881 0.87055274451399633 -0.98266055503922267 0.34276270511043178 -0.43135869159500301 -0.93017844927127002 -1.3326290280844677 0.31602704651062041 -0.27601608447264392 -0.35570660325404829 -1.3890674983176696 -1.0490124701376031 0.053424341684667719 1.6125899432028581
decision_type=2 2 2 2 2 2 2 2 2 2 2 2 2 2 2
left_child=7 2 3 -2 6 -6 -3 11 -4 14 -11 13 -13 -1 -9
right_child=1 4 8 -5 5 -7 -8 9 -10 10 -12 12 -14 -15 -16
leaf_value=-0.10440494065411188 -0.097258628152349341 -0.0033293716669576898 -0.12856865961797842 0.038448022504235242 -0.088175182405020799 -0.0089715462174067961 0.014723001650209566 -0.11276740681094453 -0.083434946258506004 -0.10637663907933195 -0.035848373588556151 0.13429745371669102 -0.09240753564921747 -0.11267531289200428 -0.070942803539667351
leaf_weight=227.82896305061877 2651.9010781813413 43827.776312947273 1089.7593882977962 5445.0459082853049 2094.6162302028388 5074.1102103423327 56153.263436734676 108.75711920671165 1353.4670206233859 128.92714340426028 1459.003377199173 2.0226591359823933 193.82824515551329 558.46915596723557 4.8528549820184699
leaf_count=6458 15834 111380 6963 23792 32715 32168 121683 2462 21922 2551 7413 26 3087 7789 86
internal_value=-0.000282225 0.00126609 -0.0286147 -0.00599844 0.00420542 -0.0321139 0.00680955 -0.0681815 -0.103566 -0.0462089 -0.0415747 -0.106248 -0.0900662 -0.110279 -0.110981
internal_weight=120374 117690 10540.2 8096.95 107150 7168.73 99981 2683.69 2443.23 1701.54 1587.93 982.149 195.851 786.298 113.61
internal_count=396329 366457 68511 39626 297946 64883 233063 29872 28885 12512 9964 17360 3113 14247 2548
is_linear=0
shrinkage=0.1


Tree=30
num_leaves=16
num_cat=0
split_feature=11 0 3 3 6 3 1 0 6 6 1 6 6 6 0
split_gain=1198.16 1047.4 957.134 953.927 902.258 13957.2 3156.18 482.841 169.448 472.874 328.763 44.1983 24.6091 146.138 6.27387
threshold=-0.39727102318633367 -0.019359851628907705 0.35729554911439582 -0.36685838826699307 1.0217977003441647 -0.044889187710428761 0.01438291332926693 0.040806911504177895 -0.94524946625732287 1.0526188031691681 0.034762367814782931 -0.97118438381557459 1.0357149470125326 1.0077435004246025 0.0072910036051689279
decision_type=2 2 2 2 2 2 2 2 2 2 2 2 2 2 2
left_child=2 8 3 11 6 -6 -3 -5 10 -10 -2 -1 13 -4 -14
right_child=1 4 12 7 5 -7 -8 -9 9 -11 -12 -13 14 -15 -16
leaf_value=-0.11845735367877229 -0.11627699715850781 -0.019757799210435377 -0.10628076569050721 -0.0074507546520689348 -0.13734644050055142 0.029335783566475055 0.034801771549343649 -0.10278265900244198 0.011688707407023026 -0.062047153278404432 -0.0309251568296698 -0.080717672219441497 -0.10625495594481241 0.0092392684205319965 -0.12834512700054898
leaf_weight=458.13918994739652 669.83650725148618 15553.285464620218 689.71309648826718 30812.559717776254 6295.5979089085013 24865.125423781574 33311.551734475419 540.60590926744044 1871.4779819305986 1624.862314755097 1383.2005964163691 961.78028712049127 302.22274150326848 130.17727475613356 223.75920600816607
leaf_count=6623 4782 60618 18538 113501 34243 44234 62055 6609 6808 6662 3976 19323 5209 858 2290
internal_value=-0.00027419 0.00604332 -0.0161194 -0.0127252 0.00895667 -0.00434008 0.0174359 -0.00909451 -0.0359689 -0.0225787 -0.0587726 -0.0928944 -0.0987698 -0.0879392 -0.115652
internal_weight=119694 85574.9 34119 32773.1 80025.6 31160.7 48864.8 31353.2 5549.38 3496.34 2053.04 1419.92 1345.87 819.89 525.982
internal_count=396329 223378 172951 146056 201150 78477 122673 120110 22228 13470 8758 25946 26895 19396 7499
is_linear=0
shrinkage=0.1


Tree=31
num_leaves=16
num_cat=0
split_feature=11 0 3 1 0 0 6 6 6 1 3 4 6 6 15
split_gain=1101.26 1767.87 1163.63 1090.57 492.275 450.717 421.54 249.91 233.953 3348.15 728.438 210.708 179.403 266.114 22.3429
threshold=0.66902593897577756 -0.016914700965420467 -0.40254610163163546 -0.26836141134296709 0.040806911504177895 -0.019482703347553757 1.0848558800403627 1.0586120708451692 1.0217977003441647 0.044956010983915558 0.049490713639724127 -1.4751565230564541 -0.65405701214474499 -0.9627060629024754 -1.6803672421766793
decision_type=2 2 2 2 2 2 2 2 2 2 2 2 2 2 2
left_child=2 5 12 6 -5 7 -4 -2 10 -10 -3 -7 13 -1 -14
right_child=1 8 3 4 -6 11 -8 -9 9 -11 -12 -13 14 -15 -16
leaf_value=-0.083171716350079639 -0.021058731366687573 0.053180548928554387 -0.041011608851010434 -0.0020429434810473037 -0.10082904253878573 -0.012775353289327435 -0.12316806400372052 -0.075782240485707586 0.048040915537221618 -0.12023296347803879 -0.00059900719254532748 0.0069517947818580894 -0.033418770301945608 0.02051390449300745 -0.10374142041666795
leaf_weight=698.39961136318743 3135.3625207860023 10445.926610514522 2946.6010810825974 62530.364911269397 508.55018965527415 8556.4350507427007 792.50353114679456 1137.1968247164041 6834.6489769294858 1429.7761883940548 3318.7772778496146 14744.758871477097 46.829652039334178 383.42985102534294 1282.7629651352763
leaf_count=9913 10830 11811 42341 182103 6814 22657 9359 4609 8246 6778 9845 38172 774 3835 28242
internal_value=-0.000264218 0.0111073 -0.00841661 -0.00595224 -0.00283987 -0.0057669 -0.0584247 -0.0356241 0.0322286 0.0189289 0.0402139 -0.000292214 -0.076661 -0.0464227 -0.101265
internal_weight=118792 49602.9 69189.4 66778 63038.9 27573.8 3739.1 4272.56 22029.1 8264.43 13764.7 23301.2 2411.42 1081.83 1329.59
internal_count=396329 112948 283381 240617 188917 76268 51700 15439 36680 15024 21656 60829 42764 13748 29016
is_linear=0
shrinkage=0.1


Tree=32
num_leaves=16
num_cat=0
split_feature=3 3 6 3 6 6 6 5 11 6 6 6 6 13 6
split_gain=1023.99 955.981 866.597 14296.7 4230.74 15.4219 146.912 15.7368 0.0685814 0.0244185 0.0233559 0.0166762 0.00688077 0.000178653 0.000164887
threshold=-0.99562837809803217 0.80998147002683263 1.0330633448250279 -0.036318815337650176 -0.93017844927127002 1.1382619198063098 1.1397204549933042 1.6732746917190495 0.63488538322764321 0.87055274451399633 0.87055274451399633 -0.97505276651908745 -0.9775492761558805 -2.7193322672793596 1.0217977003441647
decision_type=2 2 2 2 2 2 2 2 2 2 2 2 2 2 2
left_child=8 2 4 -4 -2 7 -7 -3 10 12 11 -1 -10 -12 -11
right_child=1 5 3 -5 -6 6 -8 -9 9 14 13 -13 -14 -15 -16
leaf_value=-0.10243782351700265 -0.0075162089429125821 -0.10216925569920372 -0.12834419588294896 0.017707032679344859 0.04553681544051414 0.40445087749012054 -0.10276621069031731 -0.013374892124422508 -0.10437148477345085 -0.10295211801992235 -0.10334356938202312 -0.10366192375842065 -0.10608899479588321 -0.10205510449526096 -0.10237123802639954
leaf_weight=148.03875723853707 50816.782282134518 913.90963558107615 8245.1037563122809 35819.689594872296 21344.992417529225 6.4101806730031958 52.310848284512758 20.404995707795024 29.012389969080687 6.3590220697224167 1.0825872849673022 448.34889329411089 119.00886816903949 180.51434467919171 21.105513669550419
leaf_count=6426 152894 33188 44735 85795 43813 80 2118 483 740 231 35 13402 2264 9186 939
internal_value=-0.000245331 0.00059421 0.00142896 -0.00962108 0.00817654 -0.0971058 -0.0473967 -0.10023 -0.103459 -0.105244 -0.103056 -0.103358 -0.105752 -0.102063 -0.102506
internal_weight=118173 117220 116227 44064.8 72161.8 993.036 58.721 934.315 953.47 175.486 777.985 596.388 148.021 181.597 27.4645
internal_count=396329 363106 327237 130530 196707 35869 2198 33671 33223 4174 29049 19828 3004 9221 1170
is_linear=0
shrinkage=0.1


Tree=33
num_leaves=16
num_cat=0
split_feature=3 3 11 6 11 6 26 5 11 6 6 6 6 13 6
split_gain=922.793 856.307 788.871 676.556 403.675 15.4069 108.355 15.7882 0.0502645 0.0178673 0.0171611 0.012242 0.00502247 0.00013138 0.000121229
threshold=-0.99562837809803217 0.80998147002683263 -0.85227221161161759 1.0217977003441647 -1.3067204692725227 1.1382619198063098 1.0981611233683084 1.6732746917190495 0.63488538322764321 0.87055274451399633 0.87055274451399633 -0.97505276651908745 -0.9775492761558805 -2.7193322672793596 1.0217977003441647
decision_type=2 2 2 2 2 2 2 2 2 2 2 2 2 2 2
left_child=8 2 4 -4 -2 7 -7 -3 10 12 11 -1 -10 -12 -11
right_child=1 5 3 -5 -6 6 -8 -9 9 14 13 -13 -14 -15 -16
leaf_value=-0.10220056101200442 -0.096779435986337106 -0.1017580370778699 0.011304784233696789 -0.0055536307612319823 -0.016001726664348539 -0.10317816702593202 0.28809112742294157 -0.012192433423776424 -0.10393930389438449 -0.10266352848238808 -0.10301557759003321 -0.10330177686359752 -0.10547863929095279 -0.10185575305842683 -0.10214057951421361
leaf_weight=134.246142975986 644.3966203648597 830.11250325851142 59961.311954045668 39478.325173007324 15486.806710790843 48.1773846372962 8.296676289290188 20.159056413918734 26.355082930997014 5.7692312635481384 0.98252537846565147 407.02511136978865 108.2749712318182 163.63953576795757 19.137988429516554
leaf_count=6426 9762 33188 142851 102866 71758 1993 205 483 740 231 35 13402 2264 9186 939
internal_value=-0.00023962 0.000524776 0.00128425 0.00461186 -0.0192286 -0.0962751 -0.0456963 -0.0996345 -0.103119 -0.104722 -0.102757 -0.103029 -0.105177 -0.101863 -0.102262
internal_weight=117343 116478 115571 99439.6 16131.2 906.746 56.4741 850.272 865.431 159.537 705.893 541.271 134.63 164.622 24.9072
internal_count=396329 363106 327237 245717 81520 35869 2198 33671 33223 4174 29049 19828 3004 9221 1170
is_linear=0
shrinkage=0.1


Tree=34
num_leaves=16
num_cat=0
split_feature=3 3 0 0 11 4 11 11 6 6 6 6 6 13 6
split_gain=832.051 766.816 714.339 1375.11 481.63 16.2895 75.3449 0.0368797 0.0153612 0.0130901 0.0126194 0.00899491 0.00367155 9.66843e-05 8.92012e-05
threshold=-0.99562837809803217 0.80998147002683263 -0.014316952851434609 -0.016914700965420467 -1.2814200638175082 0.8977565591010338 1.0000000180025095e-35 0.63488538322764321 0.2518343728024583 0.87055274451399633 0.87055274451399633 -0.97505276651908745 -0.9775492761558805 -2.7193322672793596 1.0217977003441647
decision_type=2 2 2 2 2 2 2 2 2 2 2 2 2 2 2
left_child=7 2 3 -2 -4 8 -7 10 -3 12 11 -1 -9 -12 -11
right_child=1 5 4 -5 -6 6 -8 9 -10 14 13 -13 -14 -15 -16
leaf_value=-0.10198685434220892 -0.0046031301198638363 -0.1020496395007101 -0.088082475637069113 0.029298423183074174 -0.0046673249434053257 0.76941866116978164 -0.073138506239393442 -0.10355130030791158 -0.10301689564371333 -0.10240382782993041 -0.10272062711260402 -0.10297808415354293 -0.10493227122750193 -0.10167607253860589 -0.1019327883191305
leaf_weight=121.71250684931874 27039.351857190952 315.90403567999601 699.49473367258906 21460.599958047271 66254.810177141801 1.0680373795330513 169.29445949755609 23.93186429515481 341.87499922048301 5.2327806837856796 0.89144838787615199 369.3902101367712 98.455329418182373 148.31551818549633 17.350270600989461
leaf_count=6426 68097 16590 10747 36511 211882 18 5947 740 13314 231 35 13402 2264 9186 939
internal_value=-0.000224694 0.000468112 0.00115587 0.0103979 -0.00553879 -0.0954148 -0.0678563 -0.102814 -0.102552 -0.104254 -0.102488 -0.102732 -0.104662 -0.101682 -0.102042
internal_weight=117068 116282 115454 48500 66954.3 828.142 170.362 785.28 657.779 144.97 640.31 491.103 122.387 149.207 22.5831
internal_count=396329 363106 327237 104608 222629 35869 5965 33223 29904 4174 29049 19828 3004 9221 1170
is_linear=0
shrinkage=0.1


Tree=35
num_leaves=16
num_cat=0
split_feature=3 3 6 3 6 4 6 11 6 6 6 6 6 13 6
split_gain=750.524 686.266 677.175 9632.85 3800.36 17.1644 67.374 0.0270853 0.0113373 0.00960081 0.00928651 0.00661444 0.00268762 7.11978e-05 6.56757e-05
threshold=-0.99562837809803217 0.80998147002683263 -0.94524946625732287 0.053613733782933444 1.0077435004246025 0.8977565591010338 1.1382619198063098 0.63488538322764321 0.2518343728024583 0.87055274451399633 0.87055274451399633 -0.97505276651908745 -0.9775492761558805 -2.7193322672793596 1.0217977003441647
decision_type=2 2 2 2 2 2 2 2 2 2 2 2 2 2 2
left_child=7 2 3 -2 -4 8 -7 10 -3 12 11 -1 -9 -12 -11
right_child=1 5 4 -5 -6 6 -8 9 -10 14 13 -13 -14 -15 -16
leaf_value=-0.1017942768029107 0.010881362457494971 -0.10185139239143658 0.046167638609342712 -0.11171232073123737 -0.007357095628851066 -0.084133743418897233 0.15953079635547496 -0.10320268063590379 -0.10272397971712394 -0.10216999518994703 -0.10245522962715503 -0.10268696443014091 -0.10444265174700935 -0.10151405722937311 -0.10174553286419655
leaf_weight=110.32776885665953 42151.027296202257 286.36983769759536 18465.143864216283 7558.7925648745149 47106.015863277018 147.87037188746035 12.290907967835663 21.723866567015648 310.17844382766634 4.7451002374291447 0.80859885364770789 335.13737894780934 89.482386954128742 134.40471563767642 15.726596390828488
leaf_count=6426 101461 16590 36960 48806 140010 5666 299 740 13314 231 35 13402 2264 9186 939
internal_value=-0.000208784 0.000419423 0.00104249 -0.00776003 0.00771572 -0.0945013 -0.0654347 -0.102539 -0.102305 -0.103834 -0.102246 -0.102466 -0.1042 -0.10152 -0.101844
internal_weight=116750 116038 115281 49709.8 65571.2 756.71 160.161 712.356 596.548 131.678 580.678 445.465 111.206 135.213 20.4717
internal_count=396329 363106 327237 150267 176970 35869 5965 33223 29904 4174 29049 19828 3004 9221 1170
is_linear=0
shrinkage=0.1


Tree=36
num_leaves=16
num_cat=0
split_feature=3 6 6 6 3 1 6 6 6 6 1 17 6 6 1
split_gain=722.55 2210.93 3761.62 741.757 9022.19 3189.11 12562.1 1512.13 872.154 740.011 333.311 225.537 173.231 168.82 147.146
threshold=-0.32404773011643079 -0.99042833279703613 -0.25805483850989269 -0.93017844927127002 0.062588785483066803 -0.0073472020725607904 0.79438899790847683 -0.70834898269034297 -0.95765539206913319 -0.96387692542938297 0.31602704651062041 0.15547581342157188 0.87055274451399633 -0.97883655048614182 0.26012151264341205
decision_type=2 2 2 2 2 2 2 2 2 2 2 2 2 2 2
left_child=1 10 9 4 8 7 -7 -5 -2 -3 14 -12 -4 -6 -1
right_child=3 2 12 5 13 6 -8 -9 -10 -11 11 -13 -14 -15 -16
leaf_value=-0.20843922479997215 0.017084306588041363 -0.016927445892025515 -0.052505306254763774 -0.10271011734423559 -0.099995053786240934 0.08296526438187507 -0.099227936159089536 0.025847828327045731 -0.039284849728528179 0.075451185537543417 -0.094270996687709843 0.0061290210645452495 -0.09961532142285065 -0.13409706954625153 -0.1218658589923562
leaf_weight=230.1555882319808 33924.533357553184 1114.4256217284128 1245.5203541405499 934.40524940099567 5256.1644707173109 6164.9187753349543 9800.5853147618473 43908.493085444905 2986.4251328743994 3908.1270485278219 672.33406331017613 335.34066200070083 2090.8308750912547 2005.5593696115538 1335.7084057256579
leaf_count=894 78231 4295 12061 6038 43186 8270 34529 122090 7863 13139 7644 2795 33176 15898 6220
internal_value=-0.00020765 -0.0246737 0.00027913 0.00234018 -0.00752217 0.00950442 -0.0288759 0.023169 0.0125235 0.0549538 -0.105721 -0.0608592 -0.0820283 -0.109413 -0.134591
internal_weight=115914 10932.4 8358.9 104981 44172.7 60808.4 15965.5 44842.9 36911 5022.55 2573.54 1007.67 3336.35 7261.72 1565.86
internal_count=396329 80224 62671 316105 145178 170927 42799 128128 86094 17434 17553 10439 45237 59084 7114
is_linear=0
shrinkage=0.1


Tree=37
num_leaves=16
num_cat=0
split_feature=11 3 0 3 11 0 0 0 0 11 6 6 6 6 11
split_gain=717.992 781.949 741.954 667.551 450.87 517.613 331.945 324.436 217.191 163.407 150.923 87.9484 320.998 50.2022 21.3908
threshold=1.0000000180025095e-35 0.3519824774365255 -0.018153488424900121 -0.40254610163163546 0.66902593897577756 -0.012851324577407739 -0.016638994691726947 0.040806911504177895 -0.019482703347553757 1.4629439295070947 1.0586120708451692 1.045693440350228 1.0077435004246025 -0.65405701214474499 -0.39727102318633367
decision_type=2 2 2 2 2 2 2 2 2 2 2 2 2 2 2
left_child=1 3 8 13 5 -4 -6 -5 10 -10 -2 12 -3 -1 -13
right_child=2 11 4 7 6 -7 -8 -9 9 -11 -12 14 -14 -15 -16
leaf_value=-0.061280135050011036 -0.020975647857604206 -0.095990048319334553 -0.024808709073137574 -0.0044922952622194617 0.0074357208168149341 0.010250123195725346 0.028181034488252734 -0.09558718548948332 -0.072720853743567293 -0.0036910940678154831 -0.064415907593228752 -0.1181213880419839 0.020089591898472585 -0.10339198774497854 -0.078018629906309922
leaf_weight=546.96897133626044 3052.6586600262672 745.9908581841737 5797.7254503844306 42421.754725037143 13263.581144311465 15389.789334227331 18431.088696109131 394.60455548577011 353.45052008610219 11514.52167687472 1083.7049893522635 435.63905787281692 349.99544890783727 586.7598938876763 191.46672722231597
leaf_count=10509 11981 25246 24017 143621 30036 35954 31805 6863 8565 30542 4910 7214 2022 20829 2215
internal_value=-0.00020554 -0.00992809 0.00624071 -0.0073373 0.01195 0.000656668 0.0194995 -0.00533184 -0.0126243 -0.00574693 -0.0323568 -0.0760103 -0.0589208 -0.0830751 -0.105877
internal_weight=114560 45673.2 68886.5 43950.1 52882.2 21187.5 31694.7 42816.4 16004.3 11868 4136.36 1723.09 1095.99 1133.73 627.106
internal_count=396329 218519 177810 181822 121812 59971 61841 150484 55998 39107 16891 36697 27268 31338 9429
is_linear=0
shrinkage=0.1


Tree=38
num_leaves=16
num_cat=0
split_feature=3 11 0 11 3 11 6 6 11 6 6 6 6 11 6
split_gain=619.123 576.929 453.515 447.44 347.493 268.669 157.815 37.3297 0.0215339 0.00769677 0.00744755 0.00523256 0.00276841 3.72045e-05 3.6919e-05
threshold=-0.99562837809803217 -0.85227221161161759 -0.019359851628907705 0.66902593897577756 0.3519824774365255 -1.3588253143778044 -0.94524946625732287 1.0343534216616665 0.63488538322764321 0.87055274451399633 0.87055274451399633 -0.97505276651908745 -0.9775492761558805 1.0000000180025095e-35 1.0217977003441647
decision_type=2 2 2 2 2 2 2 2 2 2 2 2 2 2 2
left_child=8 4 6 -4 5 -2 -3 -6 9 11 12 -1 -10 -11 -12
right_child=1 2 3 -5 7 -7 -8 -9 10 13 14 -13 -14 -15 -16
leaf_value=-0.10145007686757153 -0.10082274094567041 -0.048306559778169667 -0.0015290469829906351 0.012442741508405936 -0.072094667445733937 -0.012465264278597983 -0.012189654124729644 -0.12446282330048491 -0.10264737617517945 -0.10110728811249033 -0.10172575413811923 -0.1023263872814914 -0.10402092254323037 -0.10125729016774559 -0.10136908158641966
leaf_weight=89.376308180391788 352.17178280651569 1918.1662556091323 50278.457111642696 42124.515026841313 308.06892500724643 15083.803687906824 3276.2809734614566 243.87482828926295 17.981357192620635 80.995975272729993 3.7888898300007012 286.76612226571888 79.773983446881175 20.776216317899525 12.399190170690416
leaf_count=6426 6910 8195 159243 91112 11270 69944 11791 4641 740 7505 231 13402 2264 1716 939
internal_value=-0.000191935 0.000339618 0.00322416 0.00484039 -0.0172689 -0.0144811 -0.0255266 -0.0952334 -0.102204 -0.101909 -0.103439 -0.102118 -0.103768 -0.101138 -0.101453
internal_weight=114177 113585 97597.4 92403 15987.9 15436 5194.45 551.944 591.858 477.915 113.943 376.142 97.7553 101.772 16.1881
internal_count=396329 363106 270341 250355 92765 76854 19986 15911 33223 29049 4174 19828 3004 9221 1170
is_linear=0
shrinkage=0.1


Tree=39
num_leaves=16
num_cat=0
split_feature=3 3 4 6 0 6 16 5 11 6 6 6 6 11 6
split_gain=558.86 546.554 467.124 508.694 236.774 18.4412 97.8678 19.6833 0.0158542 0.0056751 0.00547715 0.00385598 0.00203336 2.74728e-05 2.7234e-05
threshold=-0.99562837809803217 0.80998147002683263 0.8977565591010338 -0.93017844927127002 -0.019602095956310701 1.1382619198063098 -1.3496590162505662 1.6732746917190495 0.63488538322764321 0.87055274451399633 0.87055274451399633 -0.97505276651908745 -0.9775492761558805 1.0000000180025095e-35 1.0217977003441647
decision_type=2 2 2 2 2 2 2 2 2 2 2 2 2 2 2
left_child=8 2 3 -2 -4 7 -7 -3 9 11 12 -1 -10 -11 -12
right_child=1 5 4 -5 -6 6 -8 -9 10 13 14 -13 -14 -15 -16
leaf_value=-0.10131023465043459 -0.012610149420796643 -0.10041672109587824 -0.02979964318457072 0.0036644849221545216 0.01214253849057881 0.27382520211638117 -0.10274940392900583 0.011739030552605353 -0.10238970531262961 -0.10100081835863224 -0.10155893771049924 -0.10210047303044852 -0.10362560436802447 -0.10113625167834704 -0.101237132432242
leaf_weight=80.976976130157709 34223.788182997145 568.95100088790059 1402.4469175767154 43767.524911331013 33416.529074750841 8.537281100638209 36.017040181905031 16.090390936471522 16.309064397588372 73.36151572316885 3.4336738772690287 260.02161708194762 72.443812483921647 18.820451237261295 11.233129970729349
leaf_count=6426 117460 33188 4670 132267 72840 236 1962 483 740 7505 231 13402 2264 1716 939
internal_value=-0.000177641 0.000303959 0.000822509 -0.00347708 0.0104532 -0.0926091 -0.030592 -0.0973321 -0.10199 -0.101725 -0.103103 -0.101913 -0.103398 -0.101028 -0.101312
internal_weight=113976 113440 112810 77991.3 34819 629.596 44.5543 585.041 536.6 433.181 103.42 340.999 88.7529 92.182 14.6668
internal_count=396329 363106 327237 249727 77510 35869 2198 33671 33223 29049 4174 19828 3004 9221 1170
is_linear=0
shrinkage=0.1


Tree=40
num_leaves=16
num_cat=0
split_feature=1 6 6 1 6 6 1 6 3 6 6 6 3 6 1
split_gain=525.541 5998.72 6633.52 1153.63 720.815 659.247 7941.99 3552.63 2411.1 8583.55 2280.89 1311.04 451.196 299.454 234.366
threshold=0.22033756947997268 -0.99042833279703613 0.32367797883584121 0.26012151264341205 -0.97626098553209772 -0.93017844927127002 -0.0036430851753516589 -0.96637263435006815 -0.0044447999539990327 0.84819166931870826 -1.0693361643005022 -0.7592427140747563 -0.36685838826699307 -1.0277605202455515 0.40129114348141853
decision_type=2 2 2 2 2 2 2 2 2 2 2 2 2 2 2
left_child=5 3 4 13 -3 6 10 -8 9 -7 -1 -10 -4 -2 -5
right_child=1 2 12 14 -6 8 7 -9 11 -11 -12 -13 -14 -15 -16
leaf_value=0.0096899832556665427 -0.25900417863171493 -0.029515234451891793 -0.066478962804619651 -0.10496461524900345 0.06545555234812267 0.073419209433018398 0.028672431971617597 -0.091285310826494964 -0.10806431059725473 -0.095199101068257463 -0.11430258138044286 0.022456127454394969 -0.13642571571944032 -0.16228047469705809 -0.021507695670189265
leaf_weight=1864.3692027842626 613.54669443145394 877.8655878836289 1905.0684990389273 1801.8972884267569 8915.962136962451 4963.5044734105468 26954.080216981471 2717.7733093351126 783.1070305602625 7705.9759350214154 7263.9061168488115 44573.094538842328 1787.519311116077 669.20315653830767 413.75223759654909
leaf_count=9252 2707 3277 35100 8731 28053 6864 59596 7987 5206 27930 57075 125466 8816 2341 7928
internal_value=-0.00016439 -0.0163891 0.013879 -0.133073 0.0569429 0.00268169 -0.00740903 0.017685 0.00942906 -0.0291397 -0.0889782 0.0202026 -0.100339 -0.208544 -0.0893798
internal_weight=113811 16984.8 13486.4 3498.4 9793.83 96825.8 38800.1 29671.9 58025.7 12669.5 9128.28 45356.2 3692.59 1282.75 2215.65
internal_count=396329 96953 75246 21707 31330 299376 133910 67583 165466 34794 66327 130672 43916 5048 16659
is_linear=0
shrinkage=0.1


Tree=41
num_leaves=15
num_cat=0
split_feature=1 11 6 1 1 1 11 19 18 12 26 6 3 3
split_gain=512.318 494.217 432.859 8475.98 2057.08 420.403 253.588 38.0466 42.854 25.3767 62.2424 23.5332 1.10234 0.0317341
threshold=0.71116015218288731 -0.66516758739906401 1.0217977003441647 0.048529950021574113 0.01438291332926693 -0.27601608447264392 -1.3588253143778044 1.4757662911750897 -0.13103765129741665 1.1941477017002118 -1.1459299918677943 1.0357149470125326 -0.99562837809803217 -0.99562837809803217
decision_type=2 2 2 2 2 2 2 2 2 2 2 2 2 2
left_child=1 5 4 -4 -3 11 -7 9 -9 12 -11 -1 -2 -10
right_child=7 2 3 -5 -6 6 -8 8 13 10 -12 -13 -14 -15
leaf_value=-0.074992994748429645 -0.10185891891157127 -0.019929865334284893 0.01738451300043543 -0.11232647317675343 0.022497033542008219 -0.099373404782525931 -0.0091573650356444602 0.21629414160102634 -0.10186203995182533 0.10607607424583934 -0.10521637900132381 -0.11315701121044411 -0.11485504587660285 -0.11819474771718404
leaf_weight=371.98526559304446 444.19391602883115 16539.733823193237 29372.556257948279 6080.6533330250531 36976.248425841331 316.07061149086803 21900.358501348644 8.3747766604647058 6.8202271796762943 20.601030060555786 43.1303112343885 285.64700100477785 76.507688404992223 1.440968818962572
leaf_count=14707 30257 77191 59950 36433 66950 6910 93825 12 454 247 2388 5791 1196 18
internal_value=-0.000158177 0.000336655 0.00370724 -0.00486249 0.00938451 -0.0127733 -0.0104409 -0.0922336 0.0568874 -0.0964784 -0.0369165 -0.0915698 -0.103768 -0.104711
internal_weight=112444 111843 88969.2 35453.2 53516 22874.1 22216.4 601.069 16.636 584.433 63.7313 657.632 520.702 8.2612
internal_count=396329 361757 240524 96383 144141 121233 100735 34572 484 34088 2635 20498 31453 472
is_linear=0
shrinkage=0.1


Tree=42
num_leaves=16
num_cat=0
split_feature=3 1 6 6 6 3 6 1 4 5 0 6 6 11 6
split_gain=463.109 471.555 1115.34 1940.81 511.453 6384.5 2726.65 212.275 19.4218 50.2907 118.89 54.9967 0.00827026 0.00554536 0.000385198
threshold=0.80998147002683263 0.26012151264341205 -0.99042833279703613 -0.25805483850989269 -0.93017844927127002 0.067114571924083391 0.98334041437397535 0.40129114348141853 0.8977565591010338 1.6732746917190495 -0.014099707937319385 1.1382619198063098 -0.43135869159500301 -0.073834811514841461 -0.7592427140747563
decision_type=2 2 2 2 2 2 2 2 2 2 2 2 2 2 2
left_child=1 4 7 -4 5 -1 -6 -3 12 11 -11 -10 14 -14 -2
right_child=8 2 3 -5 6 -7 -8 -9 9 10 -12 -13 13 -15 -16
leaf_value=0.0095236933163349354 -0.10097709526695919 -0.099937430517905518 0.043471778292774627 -0.067953874579218115 0.046596426251178477 -0.10015351456549233 -0.0038139545951701237 -0.019427658747035958 -0.094188196082219122 -0.10449208500548966 0.88145049821567578 0.11109237741850207 -0.10175708859674348 -0.10267515917961285 -0.10141730975713709
leaf_weight=37457.574516137131 94.627485182601959 1736.5623671077192 3871.9511661734432 2621.5894314078614 14111.947554271668 6183.7553903544322 44769.123335292563 403.60745728388429 113.44071678258479 3.4812956117093563 1.8854387458413828 14.747579127550123 205.14556922670454 96.855273212306201 25.162859030067921
leaf_count=89016 10220 8731 15747 44251 26013 48236 120538 7928 5561 93 13 298 13529 4251 1904
internal_value=-0.000158102 0.000296999 -0.0221475 -0.00151328 0.00218712 -0.00601701 0.00826783 -0.0847544 -0.0912495 -0.0580156 0.241889 -0.0705714 -0.101773 -0.102052 -0.10107
internal_weight=111711 111156 8633.71 6493.54 102522 43641.3 58881.1 2140.17 555.346 133.555 5.36673 128.188 421.791 302.001 119.79
internal_count=396329 360460 76657 59998 283803 137252 146551 16659 35869 5965 106 5859 29904 17780 12124
is_linear=0
shrinkage=0.1


Tree=43
num_leaves=15
num_cat=0
split_feature=1 3 0 4 3 19 5 12 26 4 6 3 3 6
split_gain=454.539 419.316 401.488 506.207 354.608 33.6722 34.051 23.6786 52.4458 19.6994 46.3646 0.892013 0.0429665 0.00611629
threshold=0.71116015218288731 0.80998147002683263 -0.0085399721164842787 -1.4586109962179516 0.34738119990644234 1.4757662911750897 -1.7567374708424295 1.1941477017002118 -1.1459299918677943 0.8977565591010338 0.91510686770904381 -0.99562837809803217 -0.99562837809803217 -0.43135869159500301
decision_type=2 2 2 2 2 2 2 2 2 2 2 2 2 2
left_child=1 2 3 -1 -4 7 -7 11 -9 13 -11 -2 -8 -3
right_child=5 9 4 -5 -6 6 12 8 -10 10 -12 -13 -14 -15
leaf_value=-0.014326853495980616 -0.10170464466101224 -0.10096685342785264 -0.0051550476299768999 0.0094333779542504839 -0.057433031374987509 0.18772507633395355 -0.1016663271869631 0.092988199140284888 -0.10501383706124212 -0.10220609364791809 0.023325153613517374 -0.11400194704660845 -0.12122119808228977 -0.10185406899668591
leaf_weight=10690.085823863745 396.4458418651484 108.49543866608292 42090.63803293556 55615.118342907168 1338.7803868260235 8.5335780046880227 6.0263076541014007 20.485542584210634 38.553255638107657 80.090119662694633 46.508568732067943 69.296903983689845 1.3811384774744508 273.76442441111431
leaf_count=30250 30257 12124 156593 126074 12971 11 456 247 2388 4509 1456 1196 17 17780
internal_value=-0.000161285 0.000287313 0.000707285 0.00560262 -0.0067666 -0.0916222 0.051557 -0.0959715 -0.0363102 -0.0902792 -0.0560897 -0.103534 -0.105312 -0.101602
internal_weight=110784 110243 109735 66305.2 43429.4 540.723 15.941 524.782 59.0388 508.859 126.599 465.743 7.40745 382.26
internal_count=396329 361757 325888 156324 169564 34572 484 34088 2635 35869 5965 31453 473 29904
is_linear=0
shrinkage=0.1


Tree=44
num_leaves=16
num_cat=0
split_feature=11 1 6 6 1 6 3 1 11 3 1 11 25 6 2
split_gain=418.597 372.892 4757.56 4979.79 726.743 516.531 5555.58 1886.25 143.385 33.4759 33.7019 4.54871 9.28327 1.87864 0.797607
threshold=-1.185332201164542 0.22033756947997268 -0.98266055503922267 0.32367797883584121 0.26012151264341205 -0.93017844927127002 0.062588785483066803 0.01438291332926693 -1.3588253143778044 -0.35570660325404829 -0.27601608447264392 -1.3890674983176696 -1.0454210100446828 -0.95160157793667854 1.6794186813969103
decision_type=2 2 2 2 2 2 2 2 2 2 2 2 2 2 2
left_child=8 5 4 -4 -3 6 -2 -7 11 13 -11 14 -13 -10 -1
right_child=1 2 3 -5 -6 7 -8 -9 9 10 -12 12 -14 -15 -16
leaf_value=-0.10474990430418839 0.010902857132077549 -0.16564647816785205 0.055681216244623404 -0.089554601184871602 -0.075635042643126302 0.018245157294288491 -0.09462797779975847 -0.027881501475863154 -0.11827571492842777 -0.10227689495086378 -0.026118288149490455 0.26618389706194512 -0.076731274975726918 -0.085533284035385737 -0.063222324324823664
leaf_weight=340.24161403486505 30971.755597189069 1524.2556213140488 8840.3711482258514 3220.9945769608021 2179.6621896130964 44928.198081266601 5946.2450001155958 11044.67346636951 28.719045790843666 60.582712694536895 1420.9709592144936 0.80343403527513046 45.373761893250048 44.951698915101588 4.6887780390679827
leaf_count=14049 70930 5270 26738 39395 15681 123282 54159 31002 841 2964 8097 24 1555 2144 198
internal_value=-0.000149498 0.000673876 -0.0135461 0.0168959 -0.112677 0.00308727 -0.0060946 0.00914336 -0.0461153 -0.0325041 -0.0292325 -0.10024 -0.0707649 -0.0982973 -0.104185
internal_weight=110602 108656 15765.3 12061.4 3703.92 92890.9 36918 55972.9 1946.33 1555.22 1481.55 391.108 46.1772 73.6707 344.93
internal_count=396329 366457 87084 66133 20951 279373 125089 154284 29872 14046 11061 15826 1579 2985 14247
is_linear=0
shrinkage=0.1


Tree=45
num_leaves=16
num_cat=0
split_feature=11 0 3 1 6 6 5 11 6 6 2 3 6 6 15
split_gain=413.973 760.222 462.113 469.52 508.984 217.523 204.161 210.321 156.759 212.531 133.665 133.664 1079.27 158.613 32.88
threshold=0.66902593897577756 -0.016983860403127837 -0.40254610163163546 -0.26836141134296709 1.0848558800403627 1.0217977003441647 1.4017089518692518 1.8940199450319419 -0.65405701214474499 -1.034620070359791 -1.6402580585358277 -0.26561895158399845 -0.9943502710894464 -1.0761479178224655 -1.6803672421766793
decision_type=2 2 2 2 2 2 2 2 2 2 2 2 2 2 2
left_child=2 6 8 4 -4 -5 7 -2 9 -1 -8 12 -3 -13 -10
right_child=1 11 3 5 -6 -7 10 -9 14 -11 -12 13 -14 -15 -16
leaf_value=-0.11180691905395722 -0.0039963099935105039 -0.11479836504610524 -0.020732867374234715 0.0030626925988189099 -0.12119248492894326 -0.0091383049115040058 0.11218018222514302 -0.034069364067006135 0.006458495609298719 0.0030302475712248225 0.016571769221029781 0.07028982390447179 0.031146817961661077 0.023063014664132481 -0.097654121867000426
leaf_weight=223.62098126998171 19821.204575969838 627.69918079860508 2242.3960036830977 34661.360884836875 650.6822881042026 25261.825545411557 155.8551311455667 2634.6760991904885 31.712107240688056 576.97849886165932 2366.9493985245936 743.67224001232535 2628.50028563058 16260.767570585944 697.87308444781229
leaf_count=4751 60192 2258 42341 108010 9359 80907 183 8484 774 8997 6178 1094 6785 27774 28242
internal_value=-0.000149665 0.00718049 -0.00530319 -0.00398053 -0.0433272 -0.00208088 -0.00449443 -0.00752468 -0.0596002 -0.0290457 0.0224783 0.0215741 0.00301289 0.0251284 -0.0931288
internal_weight=109586 45239.3 64346.4 62816.3 2893.08 59923.2 24978.7 22455.9 1530.18 800.599 2522.8 20260.6 3256.2 17004.4 729.585
internal_count=396329 112948 283381 240617 51700 188917 75037 68676 42764 13748 6361 37911 9043 28868 29016
is_linear=0
shrinkage=0.1


Tree=46
num_leaves=15
num_cat=0
split_feature=1 3 6 1 6 19 18 12 26 4 6 3 3 6
split_gain=384.919 355.461 355.961 6295.2 1475.69 30.155 26.8549 21.7047 42.9807 20.8105 44.5959 0.734792 0.0213903 0.00458007
threshold=0.71116015218288731 0.80998147002683263 1.045693440350228 0.048529950021574113 -0.90886714368998278 1.4757662911750897 -0.13103765129741665 1.1941477017002118 -1.1459299918677943 0.8977565591010338 0.91510686770904381 -0.99562837809803217 -0.99562837809803217 -0.43135869159500301
decision_type=2 2 2 2 2 2 2 2 2 2 2 2 2 2
left_child=1 2 4 -4 -1 7 -7 11 -9 13 -11 -2 -8 -3
right_child=5 9 3 -5 -6 6 12 8 -10 10 -12 -13 -14 -15
leaf_value=-0.0053321136210370415 -0.1015706456488138 -0.10082373339679779 0.0098950766018503725 -0.10523181214111819 0.025346056961772213 0.16734746465966699 -0.10161305333217302 0.080944705649084944 -0.10505628156734868 -0.10200997291231527 0.02381387288775258 -0.11342188452175622 -0.1163736592554387 -0.10165799593415276
leaf_weight=47569.367281916551 336.44952079281211 90.655250676907599 31851.424771174788 5581.9556063986383 23389.124402890913 8.3928176253102702 5.2075727931223801 19.878872482571751 33.12562738545239 71.617069221101701 46.431639679707587 61.949032672680914 1.2098545804619787 240.07643461460248
leaf_count=153740 30257 12124 79992 37919 54237 12 454 247 2388 4509 1456 1196 18 17780
internal_value=-0.000138438 0.000249943 0.000617664 -0.00727231 0.00477993 -0.0908086 0.0495984 -0.0954153 -0.0352982 -0.0885641 -0.0525202 -0.103413 -0.104396 -0.101429
internal_weight=109307 108841 108392 37433.4 70958.5 466.213 14.8102 451.403 53.0045 448.78 118.049 398.399 6.41743 330.732
internal_count=396329 361757 325888 117911 207977 34572 484 34088 2635 35869 5965 31453 472 29904
is_linear=0
shrinkage=0.1


Tree=47
num_leaves=16
num_cat=0
split_feature=3 6 6 3 6 6 3 6 1 6 3 6 11 1 4
split_gain=380.291 4924.56 3199.23 1143.85 665.031 388.247 7634.18 1759.43 3863.44 1743.49 1076.21 680.998 189.459 185.4 127.999
threshold=0.3053725426046377 1.0711989584973256 0.5591883114511037 0.34738119990644234 1.0511613458692415 1.0077435004246025 -0.044889187710428761 -0.90886714368998278 -0.0036430851753516589 1.0415218942096212 -0.48555215938521507 1.1513923705085178 -0.014544930989428263 -0.30597839925574871 -1.6870701269074306
decision_type=2 2 2 2 2 2 2 2 2 2 2 2 2 2 2
left_child=5 2 12 14 -4 7 11 8 -1 -8 -9 -7 -2 -5 -3
right_child=1 3 4 13 -6 6 9 10 -10 -11 -12 -13 -14 -15 -16
leaf_value=-0.073356405995058757 -0.11508205994088738 -0.082256170820063201 0.07614736131602759 -0.045316058271088963 -0.022244313618152434 -0.11420998103232408 -0.068165107270938163 -0.067407078398521059 0.0092791796777068232 0.021814675265053745 0.045758024933074917 -0.029032516361167465 -0.054318340143242487 -0.12235912139800782 -0.24251303562696058
leaf_weight=6597.2261759173125 668.21197424223647 52.771101027727127 4686.3351067947224 557.59004086628556 804.94393616681919 5866.5452752267011 2327.230588844046 899.48980646859854 39727.403981446289 28832.95242459327 12786.107128981501 1117.4180110301822 2210.9195272582583 710.17807783186436 897.11765256524086
leaf_count=33174 24269 149 13903 10125 3369 49048 6478 19531 106937 65922 20892 7398 27515 3852 3767
internal_value=-0.000138897 -0.0181444 0.016959 -0.15064 0.0617245 0.00180338 -0.00608518 0.00681757 -0.0024892 0.0150944 0.0383202 -0.100582 -0.0684209 -0.088474 -0.23361
internal_weight=108742 10588.1 8370.41 2217.66 5491.28 98154.4 38144.1 60010.2 46324.6 31160.2 13685.6 6983.96 2879.13 1267.77 949.889
internal_count=396329 86949 69056 17893 17272 309380 128846 180534 140111 72400 40423 56446 51784 13977 3916
is_linear=0
shrinkage=0.1


Tree=48
num_leaves=16
num_cat=0
split_feature=11 3 6 6 1 6 1 6 11 1 3 6 11 2 2
split_gain=378.025 266.995 3361.97 2511.28 682.881 326.767 5581.91 1332.01 246.025 191.376 169.811 16.1448 4.99774 9.3346 0.898284
threshold=-0.85227221161161759 0.3053725426046377 1.0711989584973256 0.38149237653125495 -0.27601608447264392 1.0077435004246025 0.044956010983915558 -0.88535901187360522 -1.3588253143778044 0.2832711711942385 0.36292662516550755 -0.95884938297284472 -1.3890674983176696 1.2673394501623736 1.6794186813969103
decision_type=2 2 2 2 2 2 2 2 2 2 2 2 2 2 2
left_child=8 5 3 -3 -4 7 -7 -2 12 10 -10 -11 14 -14 -1
right_child=1 2 4 -5 -6 6 -8 -9 9 11 -12 -13 13 -15 -16
leaf_value=-0.10418005735242218 1.2890727040626652e-05 -0.062949301945234057 -0.068888223330380305 0.061534448970741507 -0.18756221203172874 0.015674320161052451 -0.093654982165792378 0.037897285227604258 -0.0097470831630914554 -0.11716866233421702 -0.094369305204252366 -0.070684640184353095 -0.085152772929525639 0.054009851485873818 -0.057258078721450091
leaf_weight=292.61942400317639 39096.182062086184 2497.4585109059699 932.33937731664628 4615.6107989456505 1010.3071418702602 26081.791093930602 5688.4340086430311 12169.772785610054 14529.2561667189 135.48266847198829 241.07075796416029 166.59314402611926 35.863181545399129 5.5684406310319892 4.1376991537399581
leaf_count=14049 100692 40192 9845 12510 3777 49293 45370 31004 67222 2981 10285 7332 1364 215 198
internal_value=-0.000136182 0.00228959 -0.0140151 0.0178272 -0.130607 0.00406774 -0.00390101 0.00900608 -0.0146323 -0.0127397 -0.0111282 -0.091533 -0.0989836 -0.0664492 -0.103526
internal_weight=107502 92091.9 9055.72 7113.07 1942.65 83036.2 31770.2 51266 15410.6 15072.4 14770.3 302.076 338.189 41.4316 296.757
internal_count=396329 292683 66324 52702 13622 226359 94663 131696 103646 87820 77507 10313 15826 1579 14247
is_linear=0
shrinkage=0.1


Tree=49
num_leaves=16
num_cat=0
split_feature=11 0 1 1 6 11 12 11 1 26 15 5 4 26 6
split_gain=330.401 622.648 336.267 334.598 361.576 196.071 189.281 185.157 101.402 86.4439 86.025 25.5245 54.8765 13.3694 1.05912
threshold=0.66902593897577756 -0.016638994691726947 0.48123150644815677 -0.26836141134296709 1.0848558800403627 -1.3588253143778044 2.619322491258671 1.8940199450319419 -0.46854001546200402 -0.41417386362129671 0.077369662437921288 -1.4801424822225109 0.8590154495896869 -1.2161073672926115 0.38149237653125495
decision_type=2 2 2 2 2 2 2 2 2 2 2 2 2 2 2
left_child=2 6 3 4 -1 -5 7 -2 14 -8 -10 12 -4 -13 -3
right_child=1 8 11 5 -6 -7 9 -9 10 -11 -12 13 -14 -15 -16
leaf_value=-0.02002546582150019 0.00057147288871675975 -0.10649790242844837 -0.10607116593161736 -0.094781905290698742 -0.11127290637182637 -0.0022760510166873423 -0.0054597140047137381 -0.026384047989134119 0.028745314158597546 -0.18340745683939119 0.014357943761959003 0.081995537581785072 0.12537101679716706 -0.10202149144355099 -0.13575627387307188
leaf_weight=2077.5649377442896 24099.585323619191 24.533704316243529 27.446988533250988 230.01130306255072 549.03191522601992 59573.059482955374 40.374047965276986 2849.5828593932092 8993.3145714532584 84.297371726948768 7726.1937884828076 3.9885519221425048 16.345977615332231 390.05483327270485 24.958453563973308
leaf_count=42341 71321 736 2287 6664 9359 192045 127 9184 15910 511 14886 125 363 30197 273
internal_value=-0.00013179 0.00653138 -0.00477859 -0.00416611 -0.0390987 -0.00263184 -0.00284749 -0.00227878 0.0216737 -0.12578 0.0220968 -0.0921097 -0.019684 -0.100159 -0.121253
internal_weight=106710 43842.8 62867.5 62429.7 2626.6 59803.1 27073.8 26949.2 16769 124.671 16719.5 437.836 43.793 394.043 49.4922
internal_count=396329 112948 283381 250409 51700 198709 81143 80505 31805 638 30796 32972 2650 30322 1009
is_linear=0
shrinkage=0.1


end of trees

feature_importances:
Column_6=255
Column_3=135
Column_1=103
Column_11=97
Column_0=42
Column_5=30
Column_4=18
Column_13=13
Column_26=10
Column_12=8
Column_15=7
Column_19=6
Column_2=5
Column_18=5
Column_16=3
Column_24=3
Column_25=2
Column_17=1
Column_20=1
Column_23=1

parameters:
[boosting: gbdt]
[objective: binary]
[metric: binary_logloss]
[tree_learner: serial]
[device_type: cpu]
[data_sample_strategy: bagging]
[data: ]
[valid: ]
[num_iterations: 50]
[learning_rate: 0.1]
[num_leaves: 31]
[num_threads: 62]
[seed: 0]
[deterministic: 0]
[force_col_wise: 0]
[force_row_wise: 0]
[histogram_pool_size: -1]
[max_depth: 4]
[min_data_in_leaf: 20]
[min_sum_hessian_in_leaf: 0.001]
[bagging_fraction: 1]
[pos_bagging_fraction: 1]
[neg_bagging_fraction: 1]
[bagging_freq: 0]
[bagging_seed: 3]
[bagging_by_query: 0]
[feature_fraction: 1]
[feature_fraction_bynode: 1]
[feature_fraction_seed: 2]
[extra_trees: 0]
[extra_seed: 6]
[early_stopping_round: 0]
[early_stopping_min_delta: 0]
[first_metric_only: 0]
[max_delta_step: 0]
[lambda_l1: 0]
[lambda_l2: 0]
[linear_lambda: 0]
[min_gain_to_split: 0]
[drop_rate: 0.1]
[max_drop: 50]
[skip_drop: 0.5]
[xgboost_dart_mode: 0]
[uniform_drop: 0]
[drop_seed: 4]
[top_rate: 0.2]
[other_rate: 0.1]
[min_data_per_group: 100]
[max_cat_threshold: 32]
[cat_l2: 10]
[cat_smooth: 10]
[max_cat_to_onehot: 4]
[top_k: 20]
[monotone_constraints: ]
[monotone_constraints_method: basic]
[monotone_penalty: 0]
[feature_contri: ]
[forcedsplits_filename: ]
[refit_decay_rate: 0.9]
[cegb_tradeoff: 1]
[cegb_penalty_split: 0]
[cegb_penalty_feature_lazy: ]
[cegb_penalty_feature_coupled: ]
[path_smooth: 0]
[interaction_constraints: ]
[verbosity: 1]
[saved_feature_importance_type: 0]
[use_quantized_grad: 0]
[num_grad_quant_bins: 4]
[quant_train_renew_leaf: 0]
[stochastic_rounding: 1]
[linear_tree: 0]
[max_bin: 255]
[max_bin_by_feature: ]
[min_data_in_bin: 3]
[bin_construct_sample_cnt: 200000]
[data_random_seed: 1]
[is_enable_sparse: 1]
[enable_bundle: 1]
[use_missing: 1]
[zero_as_missing: 0]
[feature_pre_filter: 1]
[pre_partition: 0]
[two_round: 0]
[header: 0]
[label_column: ]
[weight_column: ]
[group_column: ]
[ignore_column: ]
[categorical_feature: ]
[forcedbins_filename: ]
[precise_float_parser: 0]
[parser_config_file: ]
[objective_seed: 5]
[num_class: 1]
[is_unbalance: 0]
[scale_pos_weight: 1]
[sigmoid: 1]
[boost_from_average: 1]
[reg_sqrt: 0]
[alpha: 0.9]
[fair_c: 1]
[poisson_max_delta_step: 0.7]
[tweedie_variance_power: 1.5]
[lambdarank_truncation_level: 30]
[lambdarank_norm: 1]
[label_gain: ]
[lambdarank_position_bias_regularization: 0]
[eval_at: ]
[multi_error_top_k: 1]
[auc_mu_weights: ]
[num_machines: 1]
[local_listen_port: 12400]
[time_out: 120]
[machine_list_filename: ]
[machines: ]
[gpu_platform_id: -1]
[gpu_device_id: -1]
[gpu_use_dp: 0]
[num_gpu: 1]

end of parameters

pandas_categorical:null
