tree
version=v4
num_class=1
num_tree_per_iteration=1
label_index=0
max_feature_idx=11
objective=binary sigmoid:1
feature_names=Column_0 Column_1 Column_2 Column_3 Column_4 Column_5 Column_6 Column_7 Column_8 Column_9 Column_10 Column_11
feature_infos=[-1.3525876998901367:24.664482116699219] [-14.33184814453125:20.055532455444336] [-1.725859522819519:1.7307239770889282] [-13.323258399963379:11.482710838317871] [-2.1512348651885986:2.0532646179199219] [-1.9699029922485352:1.8571010828018188] [-1.1277867555618286:1.1002076864242554] none none none none [-1.7114142179489136:2.8223161697387695]
tree_sizes=1549 1698 1709 1609 1714 1702 1819 1513 1711 1820 1509 1608 1817 1601 1602 1827 1400 1303 1598 1607 1513 1705 1396 1515 1699 1203 1505 1396 1191 1824 990 1201 1721 1204 883 1203 1505 879 1192 1092 1709 1823 1604 1831 892 1832 1838 887 884 1106

Tree=0
num_leaves=14
num_cat=0
split_feature=0 11 0 3 1 6 1 6 11 6 11 11 0
split_gain=265.119 104.931 93.4607 51.2133 39.6516 25.946 77.731 76.3177 17.794 6.07233 2.07972 0.327994 2.84217e-14
threshold=-0.76964291930198658 -1.1932763457298277 0.60836386680603038 -1.4064485430717466 -1.2172616720199583 0.95004412531852733 0.025141289457678798 -0.99015718698501576 -1.1260306239128111 0.2675407230854035 1.6127973198890688 -1.2909479141235349 -1.0019499063491819
decision_type=2 2 2 2 2 2 2 2 2 2 2 2 2
left_child=4 11 3 -3 9 7 -7 -6 -4 12 -11 -2 -1
right_child=1 2 8 -5 5 6 -8 -9 -10 10 -12 -13 -14
leaf_value=0.86906167721815031 0.86906167721815042 0.93908561102722399 1.150524291750322 1.2075102813602698 1.0609667775366256 1.1182308551563132 0.8902272609852 1.2866359205213713 1.323848277342681 1.0862343605437597 0.9390856110272241 0.90770175198064207 0.86906167721815031
leaf_weight=6.5093523263931266 4.8820142447948456 7.3465058952569953 6.3055897839367381 218.79947636649013 53.479054342955351 42.427246104925871 23.089827608317137 20.819981448352337 97.67468474432826 2.0134509988129135 1.8366264738142488 3.9940236583352071 3.9056113958358756
leaf_count=40 30 60 90 3483 625 566 156 379 1883 25 15 29 24
internal_value=1.17631 1.22575 1.23487 1.19879 1.06755 1.08375 1.03788 1.1242 1.31334 0.90873 1.01604 0.886449 0.869062
internal_weight=493.083 339.002 330.126 226.146 154.081 139.816 65.5171 74.299 103.98 14.265 3.85008 8.87604 10.415
internal_count=7405 5575 5516 3543 1830 1726 722 1004 1973 104 40 59 64
is_linear=0
shrinkage=1


Tree=1
num_leaves=15
num_cat=0
split_feature=0 11 0 3 1 3 0 6 6 6 1 0 0 11
split_gain=156.611 65.5343 48.9187 29.8246 29.4027 28.691 24.7183 15.287 5.30548 17.6475 3.26873 1.44497 0.299241 0.262022
threshold=-0.44508902728557581 -1.1577737927436826 0.7975212335586549 1.3567915558815005 -1.2172616720199583 -1.4700509309768675 -0.9153466224670409 1.0825545787811282 0.2675407230854035 0.97310730814933788 1.8220325112342837 1.9355010986328127 2.4983366727828984 0.73328283429145824
decision_type=2 2 2 2 2 2 2 2 2 2 2 2 2 2
left_child=4 11 3 -3 8 10 -7 -4 13 -10 -6 -2 -13 -1
right_child=1 2 7 -5 5 6 -8 -9 9 -11 -12 12 -14 -15
leaf_value=-0.36905670448818861 -0.24705355626249645 -0.10486769720102281 -0.010159334274422394 -0.35309095048846417 -0.29732675036674178 -0.2166464504078193 -0.15029388135051164 -0.27539023348627473 -0.084506003452685829 -0.38370908684797478 -0.40220093898912934 -0.30516081528032774 -0.33878615079371643 -0.33846719701448669
leaf_weight=3.7527358159422901 3.15366606414318 185.44194954261184 76.614100087434053 4.9702267050743094 10.787209734320639 110.32300616428256 114.3242510817945 2.2365119345486155 3.6788997612893573 4.2469647154211998 4.1021102368831626 4.7148342207074148 6.0332868993282318 11.032434090971945
leaf_count=20 31 2836 1482 40 75 1157 1527 26 54 24 22 29 29 53
internal_value=-0.146418 -0.0948493 -0.0839183 -0.111347 -0.202099 -0.191789 -0.182879 -0.0176823 -0.310844 -0.24483 -0.32622 -0.306572 -0.324036 -0.346231
internal_weight=545.412 283.165 269.263 190.412 262.248 239.537 224.647 78.8506 22.711 7.92586 14.8893 13.9018 10.7481 14.7852
internal_count=7405 4473 4384 2876 2932 2781 2684 1508 151 78 97 89 58 73
is_linear=0
shrinkage=0.1


Tree=2
num_leaves=15
num_cat=0
split_feature=0 11 0 6 6 1 1 1 6 3 3 0 0 0
split_gain=106.858 48.7493 26.3894 24.6139 65.6455 81.278 51.8782 39.66 38.6213 20.0098 10.8697 3.72456 1.02505 0.197837
threshold=-0.21449398994445798 -1.1577737927436826 0.94502100348472606 -1.0251777172088621 0.95324799418449413 0.025141289457678798 -0.22256527096033094 0.99804675579071056 -0.98776155710220326 -1.4700509309768675 -0.5749947428703307 -0.6780104637145995 1.9355010986328127 2.4983366727828984
decision_type=2 2 2 2 2 2 2 2 2 2 2 2 2 2
left_child=3 12 9 6 8 -6 11 -8 -5 -3 -4 -1 -2 -14
right_child=1 2 10 4 5 -7 7 -9 -10 -11 -12 -13 13 -15
leaf_value=-0.29420138395651546 -0.19753608340828499 -0.34273303412197109 -0.06515270604236624 -0.1521492161030053 -0.13264601140331486 -0.29516991903201317 -0.12610416625175933 -0.33031253133526933 -0.015721047437836071 -0.077651821839593349 0.023527227863652835 -0.37507504449295093 -0.24431472041654897 -0.27016860660872904
leaf_weight=19.569710157811645 3.52609634771943 2.8954698741435996 20.775745581835508 35.413168530911207 99.74541949853301 44.498178858309984 62.717073768377304 11.210548669099806 50.113716699182987 172.38373771682382 41.294448222965002 8.0316984914243204 5.2643595561385137 6.7609035521745682
leaf_count=95 31 15 364 373 1174 235 742 57 792 2600 825 44 29 29
internal_value=-0.122377 -0.0734265 -0.0621882 -0.159744 -0.141625 -0.182784 -0.200748 -0.157071 -0.0722103 -0.0820307 -0.00615516 -0.317735 -0.244948 -0.25885
internal_weight=584.2 252.901 237.349 331.3 229.77 144.244 101.529 73.9276 85.5269 175.279 62.0702 27.6014 15.5514 12.0253
internal_count=7405 3893 3804 3512 2574 1409 938 799 1165 2615 1189 139 89 58
is_linear=0
shrinkage=0.1


Tree=3
num_leaves=14
num_cat=0
split_feature=0 3 11 11 1 0 6 3 4 3 6 11 2
split_gain=80.5773 32.2169 31.4598 26.1375 16.4701 14.6549 20.0526 5.25961 2.74349 1.3237 2.43215 1.08013 0.0655721
threshold=-0.61447384953498829 -1.4064485430717466 -1.1932763457298277 -0.88647484779357899 -1.2172616720199583 -1.249890863895416 0.9469493329524995 -0.35017587244510645 -0.64943253993988026 1.4180744886398318 -0.87224778532981861 0.78076070547103893 -0.27441576123237604
decision_type=2 2 2 2 2 2 2 2 2 2 2 2 2
left_child=4 8 12 -4 9 7 -7 -6 -2 10 -1 -11 -3
right_child=1 2 3 -5 5 6 -8 -9 -10 11 -12 -13 -14
leaf_value=-0.23846532802708326 -0.15736083812208346 -0.21708909453840874 -0.011216938783702078 -0.077877524909815143 -0.23301606569188837 -0.097213002230914544 -0.16157918726591874 -0.15897572033297003 -0.27172052450664402 -0.27450217255724718 -0.11973378387750254 -0.22206701225526967 -0.23159729736625878
leaf_weight=4.1239842474460602 2.8228850886225691 6.9054183922708035 76.406811367720366 255.5483474843204 18.948660630732775 101.52035741508007 92.503328632563353 19.434986338019371 8.1666653081774694 5.97706435248256 2.9661814123392132 11.462558731436728 5.6757382117211801
leaf_count=17 21 32 1420 3488 112 1161 807 171 39 27 30 56 24
internal_value=-0.104628 -0.0737931 -0.0684169 -0.0625341 -0.147295 -0.139069 -0.1279 -0.195527 -0.242345 -0.225226 -0.188794 -0.240038 -0.223634
internal_weight=612.463 355.526 344.536 331.955 256.937 232.407 194.024 38.3836 10.9896 24.5298 7.09017 17.4396 12.5812
internal_count=7405 5024 4964 4908 2381 2251 1968 283 60 130 47 83 56
is_linear=0
shrinkage=0.1


Tree=4
num_leaves=15
num_cat=0
split_feature=0 11 1 0 6 6 3 6 5 4 6 6 11 5
split_gain=61.9145 36.8908 27.1543 22.2348 19.6893 16.5393 70.6909 15.4994 8.62785 6.97234 3.9983 16.3374 3.77439 1.2371
threshold=0.13341332972049716 -1.1260306239128111 -1.1979484558105467 -0.9153466224670409 -1.0084104537963865 1.0057526826858523 -0.064274817705154405 -1.0040280818939207 -1.6624684929847715 0.33470310270786291 0.96714884042739879 0.2675407230854035 -1.1366695165634153 -0.48733374476432795
decision_type=2 2 2 2 2 2 2 2 2 2 2 2 2 2
left_child=2 9 10 8 -5 7 -7 -3 -4 13 11 -1 -11 -2
right_child=1 5 3 4 -6 6 -8 -9 -10 12 -12 -13 -14 -15
leaf_value=-0.21870893028905966 -0.23718921176146213 -0.04428491591465282 0.016659965246125393 -0.12477186444017359 -0.065364752416165905 -0.36940255965523405 -0.035060019746491138 0.023770815160172945 -0.14011006830536996 0.075929411188284501 -0.25912324650565277 -0.016116671771028695 -0.14899411001442397 -0.17909135418150574
leaf_weight=20.45673900470138 5.0966691263020101 75.240086577832699 3.5991832241415969 87.380021970719099 154.31577660888433 7.2747661918401709 48.377903815358877 60.271629869937897 142.56962059810758 1.574335765093565 8.3308408632874471 4.942130669951438 1.4180874042212954 13.04853083565831
leaf_count=85 24 1187 48 906 1896 37 765 1053 1174 28 39 67 18 78
internal_value=-0.0907681 -0.046727 -0.112946 -0.105462 -0.0868421 -0.0328657 -0.0787644 -0.0140157 -0.13625 -0.172087 -0.199007 -0.179288 -0.0306602 -0.19541
internal_weight=633.896 212.302 421.594 387.865 241.696 191.164 55.6527 135.512 146.169 21.1376 33.7297 25.3989 2.99242 18.1452
internal_count=7405 3190 4215 4024 2802 3042 802 2240 1222 148 191 152 46 102
is_linear=0
shrinkage=0.1


Tree=5
num_leaves=15
num_cat=0
split_feature=0 3 1 11 2 0 6 1 3 6 6 6 2 4
split_gain=48.0957 21.8376 23.0532 20.1692 9.25551 11.5381 10.5065 7.60454 9.7832 4.19299 1.65916 3.62916 1.43082 0.51384
threshold=-0.76964291930198658 -1.4064485430717466 -1.236262261867523 -1.1932763457298277 1.1199942231178286 -1.249890863895416 0.95473623275756847 -1.1979484558105467 0.69112795591354381 0.96864354610443126 -0.67978671193122853 -1.0381239652633665 1.4374772906303408 -1.296777546405792
decision_type=2 2 2 2 2 2 2 2 2 2 2 2 2 2
left_child=4 10 9 -4 7 12 -7 13 -9 -3 11 -2 -6 -1
right_child=1 2 3 -5 5 6 -8 8 -10 -11 -12 -13 -14 -15
leaf_value=-0.16626330081348739 -0.22547244908758707 -0.14204239219985612 -0.17732032964681832 -0.04744873468663894 -0.11435418896499608 0.028462046990431769 -0.10427804810102692 -0.13006092502273378 -0.067734578896157568 -0.25803425847211586 -0.21982621584615464 -0.075064905551887065 -0.19352266662049053 -0.19796532479554685
leaf_weight=9.5970909185707587 3.1641010791063309 8.4303934350609762 12.338800393044947 387.51242036744952 3.799583073705433 13.124116133898498 10.927853118628262 138.35529724881053 30.789308350533247 4.9442909508943549 6.9104082435369474 3.2540855817496777 5.7189389057457447 10.941959995776413
leaf_count=48 13 68 54 5361 30 176 92 1089 316 21 28 30 32 47
internal_value=-0.079522 -0.0598398 -0.0557762 -0.0514564 -0.117127 -0.0687282 -0.0318475 -0.125693 -0.118716 -0.184922 -0.185824 -0.149214 -0.16192 -0.183152
internal_weight=649.809 426.555 413.226 399.851 223.254 33.5705 24.052 189.684 169.145 13.3747 13.3286 6.41819 9.51852 20.5391
internal_count=7405 5575 5504 5415 1830 330 268 1500 1405 89 71 43 62 95
is_linear=0
shrinkage=0.1


Tree=6
num_leaves=16
num_cat=0
split_feature=0 11 1 3 6 6 1 3 4 11 6 6 3 5 11
split_gain=41.8705 26.2036 18.4954 19.322 16.4845 12.2319 46.8652 13.5828 5.06682 2.84125 2.65806 12.7186 1.54185 0.911219 0.420193
threshold=0.13341332972049716 -1.1260306239128111 -1.1979484558105467 -1.4700509309768675 -1.0199550986289976 1.0057526826858523 -0.75404062867164601 1.0142094492912295 0.33470310270786291 -1.1366695165634153 0.2675407230854035 0.96714884042739879 -1.9536890387535093 -0.48733374476432795 0.35482288897037512
decision_type=2 2 2 2 2 2 2 2 2 2 2 2 2 2 2
left_child=2 8 10 12 -5 7 -7 -3 13 -10 14 -12 -4 -2 -1
right_child=1 5 3 4 -6 6 -8 -9 9 -11 11 -13 -14 -15 -16
leaf_value=-0.20892142604883426 -0.1950795630436272 -0.020373492923706677 -0.21386350676347729 -0.10625949852698141 -0.062298539479447836 -0.28687500518490244 -0.02613664424426736 0.066300733104717346 0.07403189325574755 -0.11718344666584526 -0.00063045069516808093 -0.19770677764296024 -0.15599917868070334 -0.14560728907618239 -0.17398979636447698
leaf_weight=4.3935160636901882 5.1958781369030538 118.36848469078541 6.5824356377124813 127.46956799179316 257.82859338074923 7.975217103958129 50.824820529669523 21.340062387287617 1.5545024797320366 1.5538024529814711 5.1894261837005606 8.875298045575617 15.327932603657244 13.134289585053919 15.92701146751642
leaf_count=18 24 1849 27 1147 2767 58 744 391 28 18 67 39 83 78 67
internal_value=-0.0702287 -0.0345813 -0.0879838 -0.0820368 -0.0768423 -0.0232383 -0.0615013 -0.00713426 -0.139611 -0.0215542 -0.158411 -0.124992 -0.173383 -0.159631 -0.181542
internal_weight=661.541 219.947 441.594 407.209 385.298 198.509 58.8 139.709 21.4385 3.1083 34.3853 14.0647 21.9104 18.3302 20.3205
internal_count=7405 3190 4215 4024 3914 3042 802 2240 148 46 191 106 110 102 85
is_linear=0
shrinkage=0.1


Tree=7
num_leaves=13
num_cat=0
split_feature=0 3 11 11 3 6 6 3 4 11 6 0
split_gain=34.4624 17.3595 16.0554 14.7829 9.55296 11.0539 37.3928 31.6263 1.58916 0.529462 0.236941 0.153612
threshold=-0.61447384953498829 -1.4064485430717466 -1.1932763457298277 -0.88647484779357899 1.4180744886398318 0.9469493329524995 -0.98776155710220326 -0.05599700286984443 -0.64943253993988026 0.7932228446006776 -1.0043855309486387 2.4983366727828984
decision_type=2 2 2 2 2 2 2 2 2 2 2 2
left_child=4 8 11 -4 5 6 -1 -7 -2 -6 -11 -3
right_child=1 2 3 -5 9 7 -8 -9 -10 10 -12 -13
leaf_value=-0.095587871466554369 -0.099279292047564027 -0.13922855695253053 0.0020911548025784456 -0.046287865948432164 -0.18275247987329013 -0.17959089953232976 0.021932085692635162 -0.071400145963864833 -0.18395106118271543 -0.15941994342164825 -0.12936539075370213 -0.1617666079635785
leaf_weight=104.02724691852927 2.9630322977900496 5.4212283454835397 81.39279693365097 281.96318175643682 6.6618417687714127 39.683568835258484 36.600725196301937 84.661243572831154 8.7992186248302442 6.2974858134984979 4.4957793131470654 6.8390616476535797
leaf_count=836 21 27 1420 3488 29 178 499 785 39 27 27 29
internal_value=-0.0623626 -0.0429946 -0.0392485 -0.0354508 -0.0889277 -0.0842073 -0.0650014 -0.105928 -0.162621 -0.160584 -0.146901 -0.151801
internal_weight=669.806 387.379 375.616 363.356 282.428 264.973 140.628 124.345 11.7623 17.4551 10.7933 12.2603
internal_count=7405 5024 4964 4908 2381 2298 1335 963 60 83 54 56
is_linear=0
shrinkage=0.1


Tree=8
num_leaves=15
num_cat=0
split_feature=0 3 6 1 6 5 5 5 6 1 3 1 6 11
split_gain=29.3091 18.6063 17.9736 126.987 79.4865 6.90009 5.63007 5.69914 5.16263 3.30293 3.75741 2.25497 4.12898 0.92812
threshold=-0.9153466224670409 1.3567915558815005 0.9469493329524995 0.069780137389898314 -0.97400894761085499 0.19429356604814532 -0.067525662481784807 -1.6624684929847715 0.9969727396965028 1.5337773561477663 1.0990288853645327 -1.3427911996841428 0.96864354610443126 0.083709787577390685
decision_type=2 2 2 2 2 2 2 2 2 2 2 2 2 2
left_child=5 2 4 -4 -2 6 7 -1 -8 10 -7 13 -13 -3
right_child=1 11 3 -5 -6 9 8 -9 -10 -11 -12 12 -14 -15
leaf_value=0.038834355997393662 -0.051054311996947203 -0.21176267256194292 -0.02618593584152254 -0.22875135894353549 0.081112429811208933 -0.09706151126213057 0.071929363049819783 -0.087313175771976503 -0.069277730235003429 -0.19196543209638048 -0.15462851643320796 -0.050860381301577544 -0.19209894678920603 -0.14828361682193922
leaf_weight=3.7705249078571788 212.38987461850047 4.3394124060869235 177.65399272739887 37.476181998848915 57.911248806864023 66.905691657215357 4.9162458218634111 71.398310836404562 5.4698916301131248 4.8286768123507491 13.651589833199976 5.205362454056738 3.436190664768219 4.9086708799004555
leaf_count=48 2525 18 2319 170 975 507 66 550 44 21 72 51 14 25
internal_value=-0.0557458 -0.0435954 -0.0399044 -0.0614733 -0.022738 -0.0915213 -0.07145 -0.0809855 -0.00243779 -0.111632 -0.106817 -0.14375 -0.107022 -0.178069
internal_weight=674.262 503.321 485.431 215.13 270.301 170.941 85.555 75.1688 10.3861 85.386 80.5573 17.8896 8.64155 9.24808
internal_count=7405 6097 5989 2489 3500 1308 708 598 110 600 579 108 65 43
is_linear=0
shrinkage=0.1


Tree=9
num_leaves=16
num_cat=0
split_feature=0 11 1 3 5 0 6 5 4 6 6 11 3 5 4
split_gain=24.952 20.1499 14.1225 14.0071 12.3998 8.96475 8.85189 8.52762 3.66287 2.98269 10.7897 2.18357 1.36445 0.746375 0.217801
threshold=0.13341332972049716 -1.1260306239128111 -1.1979484558105467 -1.4700509309768675 1.6298519968986513 0.94502100348472606 -1.0989182591438291 -0.60614547133445729 0.33470310270786291 0.2675407230854035 0.96714884042739879 -1.1366695165634153 -1.9536890387535093 -0.48733374476432795 -0.94168132543563832
decision_type=2 2 2 2 2 2 2 2 2 2 2 2 2 2 2
left_child=2 8 9 12 -5 6 -3 -7 13 14 -11 -10 -4 -2 -1
right_child=1 5 3 4 -6 7 -8 -9 11 10 -12 -13 -14 -15 -16
leaf_value=-0.14297839296786849 -0.16719807093312411 0.061798613147658034 -0.17722287204172882 -0.056065274641694376 0.13040154890548936 0.071893782121324482 -0.034059734661383838 -0.007203153652458022 0.069646137964254631 0.018227247882291134 -0.1621160969605972 -0.09709255354654632 -0.12157531949466796 -0.12153134355026796 -0.16470535963335706
leaf_weight=9.630746431648733 5.0007227621972623 10.387867894023655 6.3218855857849148 394.35975686088204 3.5988028682768336 20.134049229323864 132.62285791710019 42.197088278830051 1.5047009028494358 5.4195895195007315 8.5531056523323041 1.643005769699811 14.540921688079832 12.588212154805658 8.8569536507129651
leaf_count=46 24 162 27 3855 59 400 1751 729 28 67 39 18 83 78 39
internal_value=-0.0499065 -0.0227898 -0.0634911 -0.0585663 -0.054379 -0.0133026 -0.0270969 0.0183465 -0.116735 -0.127034 -0.0921663 -0.0173863 -0.138438 -0.134515 -0.153387
internal_weight=677.36 226.079 451.282 418.821 397.959 205.342 143.011 62.3311 20.7366 32.4604 13.9727 3.14771 20.8628 17.5889 18.4877
internal_count=7405 3190 4215 4024 3914 3042 1913 1129 148 191 106 46 110 102 85
is_linear=0
shrinkage=0.1


Tree=10
num_leaves=13
num_cat=0
split_feature=0 11 1 3 2 0 6 5 1 1 2 11
split_gain=22.2906 12.5198 11.8741 12.2838 6.41433 8.62381 7.68814 6.80099 5.49767 4.26418 1.16332 0.163251
threshold=-0.76964291930198658 -1.1932763457298277 -1.3427911996841428 -1.4064485430717466 1.1199942231178286 -1.249890863895416 0.95473623275756847 -1.087612986564636 0.56574082374572765 -1.1627534627914426 1.4374772906303408 -1.2909479141235349
decision_type=2 2 2 2 2 2 2 2 2 2 2 2
left_child=4 11 -3 -4 7 10 -7 8 -1 -9 -6 -2
right_child=1 2 3 -5 5 6 -8 9 -10 -11 -12 -13
leaf_value=-0.00010311831671580309 -0.14450552498884292 -0.16856643736880494 -0.12708526521695929 -0.024471867853341388 -0.06816382849799732 0.051198248571074224 -0.060796857942498443 -0.13398257914953093 -0.089953209604615961 -0.080056240491950897 -0.13925855289349162 -0.1208925720829091
leaf_weight=18.535471439361576 6.3746595084667206 6.0331728346645823 11.997349694371222 422.48439893871546 3.8216391541063768 13.578567355871202 11.173092149198053 16.288952719420195 10.764947049319742 146.93372107669711 5.7864183038473129 5.4150035977363569
leaf_count=196 30 28 68 5420 30 176 92 89 77 1138 32 29
internal_value=-0.0447925 -0.0319618 -0.02924 -0.0273053 -0.0703713 -0.0305706 0.000642784 -0.0774746 -0.033114 -0.0854379 -0.11098 -0.13366
internal_weight=679.187 452.305 440.515 434.482 226.883 34.3597 24.7517 192.523 29.3004 163.223 9.60806 11.7897
internal_count=7405 5575 5516 5488 1830 330 268 1500 273 1227 62 59
is_linear=0
shrinkage=0.1


Tree=11
num_leaves=14
num_cat=0
split_feature=0 3 6 1 6 5 5 5 6 6 0 6 6
split_gain=18.9071 12.9093 13.4447 99.3169 65.2117 5.29218 4.6519 4.29765 4.01425 3.04225 2.47383 2.34805 7.51076
threshold=-0.9153466224670409 1.3567915558815005 0.9469493329524995 0.069780137389898314 -0.99577653408050526 0.19429356604814532 -0.067525662481784807 -1.6624684929847715 0.95926344394683849 1.0800977349281313 -1.249890863895416 -0.87224778532981861 0.96864354610443126
decision_type=2 2 2 2 2 2 2 2 2 2 2 2 2
left_child=5 2 4 -4 -2 6 7 -1 -8 10 -7 -3 -13
right_child=1 11 3 -5 -6 9 8 -9 -10 -11 -12 12 -14
leaf_value=0.043399839378439692 -0.0418482728647004 -0.16014991396919806 -0.015623585907588286 -0.194043854847984 0.06925144503837935 -0.11828819895882536 0.092836937130384128 -0.065955250147229777 -0.036431430035915459 0.015229806749585031 -0.079610248383945426 0.012590236468780436 -0.1649067849020158
leaf_weight=3.7863861285150042 203.68892692774534 7.1827500164508846 181.97336281090975 37.654255129396915 71.33500986918807 23.128852266818285 3.8063388243317586 70.654954191297293 6.5123083367943764 2.8084911927580825 58.017174579203129 4.3542040474712831 5.2685776352882385
leaf_count=48 2334 34 2319 170 1166 138 54 550 56 28 434 51 23
internal_value=-0.0402684 -0.0306926 -0.0277643 -0.046213 -0.0130315 -0.0692974 -0.0516708 -0.060393 0.011253 -0.0870931 -0.0906345 -0.116885 -0.0845913
internal_weight=680.172 511.457 494.652 219.628 275.024 168.715 84.76 74.4413 10.3186 83.9545 81.146 16.8055 9.62278
internal_count=7405 6097 5989 2489 3500 1308 708 598 110 600 572 108 74
is_linear=0
shrinkage=0.1


Tree=12
num_leaves=16
num_cat=0
split_feature=0 11 1 3 6 0 2 6 6 6 4 5 11 5 4
split_gain=16.5855 15.6521 11.4093 11.3596 10.208 6.94472 7.77545 7.39907 3.06794 8.8791 2.9042 2.315 1.28111 0.916383 0.126756
threshold=0.13341332972049716 -1.1260306239128111 -1.1979484558105467 -1.4700509309768675 -1.0199550986289976 0.94502100348472606 1.6135034561157229 -1.0989182591438291 0.2675407230854035 0.96714884042739879 0.33470310270786291 -0.19703711569309232 0.9961032271385194 1.1550776362419131 -0.94168132543563832
decision_type=2 2 2 2 2 2 2 2 2 2 2 2 2 2 2
left_child=2 10 8 12 -5 7 -7 -3 14 -10 13 -12 -4 -2 -1
right_child=1 5 3 4 -6 6 -8 -9 9 -11 11 -13 -14 -15 -16
leaf_value=-0.12853814131561628 -0.10451382931869334 0.062889623412885745 -0.14462452736085149 -0.062194536112385623 -0.02837791704113192 0.030486902412719459 -0.11276420503883296 -0.02459514944400136 0.025609700788080916 -0.14085839277917794 -0.094061353990007979 0.076524950898232635 -0.092908950799216183 -0.16264199102579896 -0.14630821411750392
leaf_weight=8.2513517178595084 13.072029974311596 10.407545693218706 9.4792548567056674 134.0778235681355 267.0778168477118 59.100375380367041 4.048609383404254 135.94812798127532 5.4564596191048604 7.762133713811636 1.6599603369832041 1.5276952870190132 9.6832447946071607 3.4220744594931594 7.8168711662292507
leaf_count=46 85 162 48 1147 2767 1074 55 1751 67 39 19 27 62 17 39
internal_value=-0.0363181 -0.0144245 -0.0474784 -0.0432734 -0.0396804 -0.0064146 0.0213028 -0.018374 -0.107827 -0.0721426 -0.0996868 -0.0123073 -0.118491 -0.116574 -0.137183
internal_weight=678.791 229.186 449.605 420.318 401.156 209.505 63.149 146.356 29.2868 13.2186 19.6818 3.18766 19.1625 16.4941 16.0682
internal_count=7405 3190 4215 4024 3914 3042 1129 1913 191 106 148 46 110 102 85
is_linear=0
shrinkage=0.1


Tree=13
num_leaves=14
num_cat=0
split_feature=1 3 6 1 6 6 6 1 11 6 11 6 5
split_gain=14.6927 15.7114 12.3947 89.6452 65.842 4.41875 11.3536 6.09618 1.47742 2.33345 0.291095 0.192526 0.0259799
threshold=-1.2172616720199583 -1.4700509309768675 0.9469493329524995 0.069780137389898314 -0.97400894761085499 0.2675407230854035 0.96864354610443126 -1.4190858006477354 0.9961032271385194 0.95324799418449413 0.26657608151435858 -0.99015718698501576 0.65209698677062999
decision_type=2 2 2 2 2 2 2 2 2 2 2 2 2
left_child=5 8 4 -4 -3 10 7 -7 11 -10 -1 -2 -12
right_child=1 2 3 -5 -6 6 -8 -9 9 -11 12 -13 -14
leaf_value=-0.16034659851033367 -0.15800980531185391 -0.036394380502093593 -0.016285224097779754 -0.16475651229673799 0.071163171090122018 -0.1414688278567526 -0.14610430429681207 0.088214858601433813 -0.021766701368032809 -0.1249119031137202 -0.13246491766286081 -0.13055349925392781 -0.12215377681751241
leaf_weight=4.1104930937290218 3.9646314084529877 275.24908851832151 230.96497643738985 49.357597198337317 71.750348959118128 1.4996222704648969 7.269689179956913 5.0368605144321901 3.4968113005161268 5.8838853612542152 8.34761233627796 7.1773835383355635 3.4549139589071265
leaf_count=20 18 2951 2721 230 1173 9 37 76 30 32 47 40 21
internal_value=-0.0327589 -0.0296049 -0.0267882 -0.0424272 -0.0141543 -0.101512 -0.0601149 0.03552 -0.115704 -0.0864628 -0.137428 -0.140323 -0.129447
internal_weight=677.564 647.845 627.322 280.323 346.999 29.7192 13.8062 6.53648 20.5227 9.3807 15.913 11.142 11.8025
internal_count=7405 7195 7075 2951 4124 210 122 85 120 62 88 58 68
is_linear=0
shrinkage=0.1


Tree=14
num_leaves=14
num_cat=0
split_feature=0 11 3 3 5 5 5 6 3 1 6 0 0
split_gain=14.2474 10.2958 9.80475 9.789 4.42854 3.63649 3.40204 3.36877 2.85987 3.04914 0.652412 0.215942 0.173795
threshold=-0.9153466224670409 -1.1932763457298277 -1.4700509309768675 1.3567915558815005 0.19429356604814532 -0.067525662481784807 -1.6624684929847715 1.0760579109191897 1.0990288853645327 -0.81131544709205616 0.9829639494419099 2.4983366727828984 -0.54320532083511341
decision_type=2 2 2 2 2 2 2 2 2 2 2 2 2
left_child=4 11 12 -4 5 6 -1 -7 9 -6 -10 -2 -3
right_child=1 2 3 -5 8 7 -8 -9 10 -11 -12 -13 -14
leaf_value=0.045728073247381457 -0.10497376000738685 -0.10813137822865451 -0.015133925957591332 -0.098575352740152208 0.0073239750351723094 0.04577228442681 -0.052003601180289717 -0.099292779291348568 -0.10468135514956954 -0.070560049681723358 -0.1598832316711879 -0.1338849999414016 -0.13836990515621117
leaf_weight=3.7570382580161086 4.9288884028792364 2.9682265669107437 477.74305465817451 14.485970262438057 5.45446728542447 8.1072840690612775 68.538202315568924 1.9946975857019413 8.3771880753338319 64.091750226914883 2.8760226964950553 5.4291562736034393 5.2849560976028425
leaf_count=48 30 19 5885 106 54 97 550 13 58 474 14 29 28
internal_value=-0.0296618 -0.0214443 -0.0194019 -0.0175896 -0.0553843 -0.0390717 -0.0469247 0.0171283 -0.0720195 -0.0644517 -0.118789 -0.120128 -0.127495
internal_weight=674.037 510.84 500.482 492.229 163.197 82.3972 72.2952 10.102 80.7994 69.5462 11.2532 10.358 8.25318
internal_count=7405 6097 6038 5991 1308 708 598 110 600 528 72 59 47
is_linear=0
shrinkage=0.1


Tree=15
num_leaves=16
num_cat=0
split_feature=0 11 6 1 6 1 1 0 6 3 5 4 5 1 5
split_gain=12.3556 11.1495 8.30159 32.9764 25.6263 38.265 22.8947 16.1043 8.0873 18.3058 8.99418 2.37222 1.87241 1.22414 0.83745
threshold=-0.21449398994445798 -1.1260306239128111 -1.0251777172088621 -0.22256527096033094 0.92767488956451427 0.1384941712021828 0.99804675579071056 -1.249890863895416 1.0655206441879275 0.35006386041641241 -1.478054881095886 0.33470310270786291 -0.19703711569309232 -1.1845191717147825 1.1550776362419131
decision_type=2 2 2 2 2 2 2 2 2 2 2 2 2 2 2
left_child=2 11 3 13 7 -6 -5 -4 10 -10 -3 14 -13 -1 -2
right_child=1 8 4 6 5 -7 -8 -9 9 -11 -12 12 -14 -15 -16
leaf_value=-0.12180845807475954 -0.090783148236913441 0.065791052803745018 -0.10200634080187077 -0.011439102382972313 -0.026067462901425233 -0.13916180023335906 -0.15849176861341413 0.0291881036385781 -0.026360168500706379 -0.26754373240878143 -0.0059980463483488688 -0.079345050199197423 0.073620008425627936 -0.17011408851687509 -0.1484565999783804
leaf_weight=7.1070428416132954 12.209172707051041 18.898385941982269 10.585314553230999 77.151240170001984 131.94836717098951 38.689350228756666 12.271359495818613 80.597288485616446 25.128762762993578 3.5974964722990981 228.02395979687572 1.7217108793556692 1.495169237256049 20.034902364015579 3.1717905364930621
leaf_count=49 86 308 72 742 1281 199 57 1022 297 17 3122 19 27 90 17
internal_value=-0.0267715 -0.0114021 -0.0387233 -0.0609222 -0.0288401 -0.0517098 -0.031619 0.0139578 -0.0063459 -0.0565645 -0.000503614 -0.0863431 -0.00824863 -0.157465 -0.102676
internal_weight=672.631 294.246 378.385 116.565 261.82 170.638 89.4226 91.1826 275.649 28.7263 246.922 18.5978 3.21688 27.1419 15.381
internal_count=7405 3893 3512 938 2574 1480 799 1094 3744 314 3430 149 46 139 103
is_linear=0
shrinkage=0.1


Tree=16
num_leaves=12
num_cat=0
split_feature=1 3 0 6 1 11 6 4 11 6 6
split_gain=12.0863 11.6638 8.85888 10.0391 3.28808 1.45467 1.74405 0.713327 0.446521 0.527866 0.00604792
threshold=-1.3427911996841428 -1.4700509309768675 -1.249890863895416 0.96399271488189708 0.34337499737739569 1.6426936388015749 0.9774727225303651 -0.99506515264511097 0.12670725584030154 0.10955626145005228 -1.0426537394523618
decision_type=2 2 2 2 2 2 2 2 2 2 2
left_child=8 5 4 -4 -3 7 -7 -2 -1 10 -10
right_child=1 2 3 -5 -6 6 -8 -9 9 -11 -12
leaf_value=-0.14527205412288985 -0.075042020385834463 -0.044340883459791335 -0.0064669866315768742 -0.032788143027084216 -0.10605736513384634 0.011767404540183879 -0.10457673554181444 -0.13217436243859823 -0.11966943358436669 -0.072495497793132482 -0.12594407277698441
leaf_weight=4.1698810681700698 2.7961916737258461 22.65438748896122 355.90340278670192 244.42232073843479 13.947240162640808 2.1606548763811579 3.1918462179601192 10.004063937813042 2.9779755100607863 3.1364497728645802 3.1727143898606291
leaf_count=23 21 183 4320 2606 86 21 21 57 22 25 20
internal_value=-0.0242755 -0.0223484 -0.0200957 -0.0171836 -0.0678583 -0.101388 -0.0576119 -0.119694 -0.118087 -0.105881 -0.122906
internal_weight=668.537 655.08 636.927 600.326 36.6016 18.1528 5.3525 12.8003 13.457 9.28714 6.15069
internal_count=7405 7315 7195 6926 269 120 42 78 90 67 42
is_linear=0
shrinkage=0.1


Tree=17
num_leaves=11
num_cat=0
split_feature=1 3 11 11 6 3 6 11 6 6
split_gain=10.8079 10.2477 8.30844 10.7954 6.61706 1.41971 1.96477 0.396493 0.565984 0.00421774
threshold=-1.3427911996841428 -1.4700509309768675 -0.51966166496276844 -1.1260306239128111 -1.0199550986289976 -1.9536890387535093 0.64174306392669689 0.12670725584030154 0.10955626145005228 -1.0426537394523618
decision_type=2 2 2 2 2 2 2 2 2 2
left_child=7 5 3 -3 -4 -2 -7 -1 9 -9
right_child=1 2 4 -5 -6 6 -8 8 -10 -11
leaf_value=-0.13991316447565294 -0.13889049680854365 -0.077803590021363223 -0.044379109540668642 0.0039159921601006845 -0.017542508075360199 -0.032502424818443058 -0.11395122690561746 -0.1174625431270464 -0.066941045905073882 -0.12291553938330098
leaf_weight=3.9100301042199126 5.3502753451466587 17.545041210949421 137.470164809376 205.58652963489294 277.02863943204284 5.4326826594769937 6.5116133615374565 2.742597021162509 3.0610834360122681 2.9378581270575514
leaf_count=23 30 146 1190 2970 2889 46 44 22 25 20
internal_value=-0.0218964 -0.0201279 -0.0180678 -0.00250969 -0.026443 -0.0960813 -0.0769055 -0.113443 -0.101604 -0.120283
internal_weight=667.577 654.925 637.63 223.132 414.499 17.2946 11.9443 12.6516 8.74154 5.68046
internal_count=7405 7315 7195 3116 4079 120 90 90 67 42
is_linear=0
shrinkage=0.1


Tree=18
num_leaves=14
num_cat=0
split_feature=1 3 5 5 6 6 0 3 11 6 4 0 5
split_gain=9.89238 9.20388 9.08414 8.01432 4.56211 10.174 4.43147 1.97348 1.41818 1.891 0.717264 0.214315 0.0321216
threshold=-1.2172616720199583 -1.4700509309768675 1.6085305809974673 1.4901422262191775 0.2675407230854035 0.96864354610443126 -0.66250532865524281 0.83920976519584667 1.6426936388015749 0.97238352894783031 -0.64943253993988026 -0.39197991788387293 0.73432737588882457
decision_type=2 2 2 2 2 2 2 2 2 2 2 2 2
left_child=4 8 3 -3 11 6 -6 -4 10 -10 -2 12 -1
right_child=1 2 7 -5 5 -7 -8 -9 9 -11 -12 -13 -14
leaf_value=-0.12195357530670148 -0.071461438745167957 -0.014318878544745088 0.11112291309560154 -0.067950488628139571 -0.02957998253515727 -0.13183027337353972 0.13604222863940155 -0.0072143457081886731 0.030394312221222988 -0.096698091119844523 -0.1262726563632556 -0.15029217252904015 -0.10909966955935942
leaf_weight=6.8040188252925855 3.3688010536134252 586.20984547585249 6.8173168599605543 29.253238774836063 3.4615670777857304 6.1427902057766914 3.0292750187218171 1.7764876335859296 1.946626342833041 2.9371332041919231 8.196053147315979 2.6797874644398716 2.7218602001667023
leaf_count=51 26 6659 110 282 33 37 52 24 20 22 52 14 23
internal_value=-0.0197897 -0.0173885 -0.0154423 -0.016868 -0.081708 -0.039584 0.0477159 0.0866606 -0.091225 -0.0460401 -0.110306 -0.125309 -0.118281
internal_weight=665.345 640.506 624.057 615.463 24.8393 12.6336 6.49084 8.5938 16.4486 4.88376 11.5649 12.2057 9.52588
internal_count=7405 7195 7075 6941 210 122 85 134 120 42 78 88 74
is_linear=0
shrinkage=0.1


Tree=19
num_leaves=14
num_cat=0
split_feature=1 6 3 6 1 1 2 0 6 6 0 0 5
split_gain=8.85831 8.39877 77.0083 43.9913 102.253 13.3331 11.2 4.61173 4.21954 8.83749 3.7688 0.167047 0.0310153
threshold=-1.2172616720199583 0.9469493329524995 -0.073112688958644853 -0.97400894761085499 -0.061930522322654717 1.5337773561477663 1.5440906882286074 -0.23917565494775769 0.2675407230854035 0.96864354610443126 -0.66250532865524281 -0.36967465281486506 0.87284719944000255
decision_type=2 2 2 2 2 2 2 2 2 2 2 2 2
left_child=8 3 7 4 -2 -5 -4 -3 11 10 -10 12 -1
right_child=1 2 6 5 -6 -7 -8 -9 9 -11 -12 -13 -14
leaf_value=-0.11944287398103437 -0.17210471501288549 -0.11926554487936694 0.0026555291901392297 0.07204422924660929 0.00098121938938681551 -0.1249468404988144 -0.076969555710239834 -0.18467087608516131 -0.02660361757242671 -0.12708186391066625 0.12779074795262488 -0.14552917717084701 -0.10616945263245103
leaf_weight=6.48997615277767 39.782550178468227 36.774227105081081 214.32778019085526 71.500702980905771 240.27035113051534 3.6093293055891982 19.25201827660203 15.251458264887331 3.4638193622231483 5.7551412060856819 2.9086711555719358 2.4079706743359592 2.4156308248639107
leaf_count=53 204 220 2529 1185 2781 20 190 66 33 37 52 13 22
internal_value=-0.0178554 -0.0156466 -0.0284135 -0.00537998 -0.0236063 0.062578 -0.0039073 -0.138439 -0.078234 -0.0372557 0.0438684 -0.122161 -0.115842
internal_weight=664.21 640.768 285.605 355.163 280.053 75.11 233.58 52.0257 23.4412 12.1276 6.37249 11.3136 8.90561
internal_count=7405 7195 3005 4190 2985 1205 2719 286 210 122 85 88 75
is_linear=0
shrinkage=0.1


Tree=20
num_leaves=13
num_cat=0
split_feature=0 11 3 3 3 6 1 6 6 11 6 11
split_gain=8.31082 8.51389 6.45719 7.51783 4.70495 4.58464 16.7073 15.3148 2.15549 0.654991 1.08712 0.294044
threshold=-0.64847603440284718 -1.1932763457298277 -1.4064485430717466 -1.2683072090148924 1.4180744886398318 0.92767488956451427 0.17162786424160006 -0.98776155710220326 -0.99577653408050526 0.81690478324890148 0.10955626145005228 -1.2909479141235349
decision_type=2 2 2 2 2 2 2 2 2 2 2 2
left_child=4 11 8 -4 5 7 -7 -1 -3 -6 -11 -2
right_child=1 2 3 -5 9 6 -8 -9 -10 10 -12 -13
leaf_value=-0.035667134382785987 -0.1241808552342632 -0.14942230921092434 0.078423525967846033 -0.0060080636743922071 -0.13625442513900463 -0.023347602377953854 -0.12032145067019354 0.043365581186883634 -0.044596928273769522 -0.11460011200811765 -0.021864732979847579 -0.086837582073415562
leaf_weight=94.991432249546051 4.5216549634933472 3.7960604056715965 10.843301754444836 384.4633321929723 3.4530356898903829 87.004657808691263 22.32500758767128 33.049178645014763 4.059214685112237 3.4451249465346336 1.9968108236789701 3.9510513097047788
leaf_count=794 30 20 178 4844 27 788 142 462 39 32 20 29
internal_value=-0.0162543 -0.00756097 -0.0054761 -0.0036921 -0.0307854 -0.0281097 -0.0431496 -0.0152676 -0.0952538 -0.102188 -0.0805727 -0.106767
internal_weight=657.9 411.635 403.162 395.307 246.265 237.37 109.33 128.041 7.85528 8.89497 5.44194 8.47271
internal_count=7405 5140 5081 5022 2265 2186 930 1256 59 79 52 59
is_linear=0
shrinkage=0.1


Tree=21
num_leaves=15
num_cat=0
split_feature=3 5 1 6 6 6 1 2 3 2 4 1 6 0
split_gain=7.49421 9.46767 6.7626 6.68488 5.36215 11.6186 3.27655 1.21647 0.500151 0.463203 0.234037 0.210536 0.0663937 0.063637
threshold=1.2969402670860293 1.6298519968986513 1.5337773561477663 0.9469493329524995 0.2675407230854035 0.96578204631805431 -1.4190858006477354 0.46129263937473303 -1.9536890387535093 -0.18597660213708875 -0.94168132543563832 -1.3427911996841428 -0.99297454953193653 -1.1086024045944212
decision_type=2 2 2 2 2 2 2 2 2 2 2 2 2 2
left_child=1 2 3 -1 10 6 -6 12 -4 -7 13 -12 -3 -2
right_child=4 7 8 -5 5 9 -8 -9 -10 -11 11 -13 -14 -15
leaf_value=-0.0032353675828992561 -0.11434022445796138 0.16933911340874405 -0.12920985736561019 -0.024217239169071092 -0.090069308497403577 -0.14659863397260228 0.076634668361231006 0.056510824601029325 -0.077384825410881417 -0.094014361432026947 -0.11791161649983235 -0.15530018053209971 0.14068459776702363 -0.090078244079312392
leaf_weight=340.91559140011668 2.7530566900968552 1.2327473573386671 4.4051211476325989 273.79905150085688 1.4148487374186505 4.1596117168664932 7.0738126225769511 2.2332864739000797 3.2258507534861556 2.8046859391033641 3.3275262229144573 2.7514084354043025 2.3502319343388072 1.7800902947783468
leaf_count=4070 26 21 30 2910 9 24 114 38 28 22 30 16 47 20
internal_value=-0.0147356 -0.0125555 -0.0137423 -0.0125809 -0.0672775 -0.0296907 0.0488493 0.114437 -0.107302 -0.125422 -0.12201 -0.134834 0.150543 -0.104813
internal_weight=654.227 628.162 622.346 614.715 26.065 15.453 8.48866 5.81627 7.63097 6.9643 10.6121 6.07893 3.58298 4.53315
internal_count=7405 7144 7038 6980 261 169 123 106 58 46 92 46 68 46
is_linear=0
shrinkage=0.1


Tree=22
num_leaves=12
num_cat=0
split_feature=0 5 11 0 1 2 6 6 6 11 0
split_gain=7.04087 7.62949 6.693 7.80518 2.9422 3.49612 2.78814 1.95301 1.38125 0.293887 0.0789813
threshold=-1.249890863895416 -1.7582376003265379 -1.1932763457298277 0.7975212335586549 0.54533442854881298 -0.74523434042930592 0.99872112274169933 -1.0694587826728819 0.73752889037132274 -1.2909479141235349 0.13341332972049716
decision_type=2 2 2 2 2 2 2 2 2 2 2
left_child=4 10 9 -4 5 6 -1 -7 -6 -3 -2
right_child=1 2 3 -5 8 7 -8 -9 -10 -11 -12
leaf_value=-0.031776511798858702 0.16509204792447885 -0.12124309705166075 -0.015207853727451263 0.016081233726141758 -0.069960598593631559 0.0074790263116877465 0.091247533324701258 -0.074709025777633067 -0.14674186191004684 -0.082743200911261985 0.13230548703667339
leaf_weight=4.4791257493197945 1.5646709650754922 4.120146319270134 509.77742921561003 94.505442343652248 5.3888078667223436 3.4890711084008244 3.1291592754423618 16.874425571411848 4.1451608687639236 3.8219238631427279 1.3852010704576967
leaf_count=39 27 30 5468 1519 39 33 37 125 27 30 31
internal_value=-0.0133047 -0.0107401 -0.0115131 -0.0103145 -0.0553689 -0.0390172 0.0188212 -0.060627 -0.103343 -0.102716 0.149696
internal_weight=652.681 615.175 612.225 604.283 37.5058 27.9718 7.60829 20.3635 9.53397 7.94207 2.94987
internal_count=7405 7105 7047 6987 300 234 76 158 66 60 58
is_linear=0
shrinkage=0.1


Tree=23
num_leaves=13
num_cat=0
split_feature=3 3 6 6 6 1 6 0 6 6 0 6
split_gain=6.64667 6.08981 49.8467 54.8801 24.8711 58.7533 43.8767 2.23377 1.15099 1.54052 0.0282214 0.0016908
threshold=1.4180744886398318 -0.51887899637222279 0.64174306392669689 -1.0807650089263914 -1.0856003165245054 -0.061930522322654717 -0.88503965735435475 -0.23917565494775769 0.2675407230854035 0.95473623275756847 -0.66923040151596058 -1.0274965763092039
decision_type=2 2 2 2 2 2 2 2 2 2 2 2
left_child=1 2 3 -1 5 -3 -6 -4 10 -10 11 -2
right_child=8 4 7 -5 6 -7 -8 -9 9 -11 -12 -13
leaf_value=-0.18703464381095933 -0.10953310234453176 -0.12252006806248161 -0.11731504941166576 0.015277083785817901 -0.078879322701529447 0.11556578008639591 0.0044429716350893904 -0.17361355007880144 1.3356594971117252e-05 -0.10995927338509506 -0.12568029189746727 -0.11349602854287107
leaf_weight=14.683386459946631 2.3247658796608448 13.675693392753599 25.725095983594656 154.39957939833403 80.182718265801668 42.813607770949602 298.37780443020165 9.7069591470062715 2.6848451681435108 2.4236596301198006 2.0207865163683874 2.0052690133452415
leaf_count=79 30 83 183 1947 672 664 3616 45 29 21 16 20
internal_value=-0.0120122 -0.0106597 -0.0248917 -0.00229193 -0.00396928 0.0579267 -0.0132055 -0.132739 -0.0874982 -0.0521616 -0.115922 -0.111368
internal_weight=651.024 639.565 204.515 169.083 435.05 56.4893 378.561 35.4321 11.4593 5.1085 6.35082 4.33003
internal_count=7405 7289 2254 2026 5035 747 4288 228 116 50 66 50
is_linear=0
shrinkage=0.1


Tree=24
num_leaves=15
num_cat=0
split_feature=3 5 5 1 1 6 6 0 2 2 4 1 0 0
split_gain=5.99334 7.76909 6.41833 7.5046 5.89898 4.7134 9.93455 2.76871 1.13982 0.434016 0.189975 0.140089 0.0701091 0.0588699
threshold=1.2969402670860293 1.6298519968986513 1.4702638387680056 0.96458709239959728 1.5337773561477663 0.2675407230854035 0.96578204631805431 0.69310396909713756 0.46129263937473303 -0.18597660213708875 -0.94168132543563832 -1.3427911996841428 -1.1086024045944212 -0.50194734334945668
decision_type=2 2 2 2 2 2 2 2 2 2 2 2 2 2
left_child=1 2 4 -4 -1 10 7 -7 13 -8 12 -12 -2 -3
right_child=5 8 3 -5 -6 6 9 -9 -10 -11 11 -13 -14 -15
leaf_value=-0.0065724160138964649 -0.11125688933367744 0.16364985926062309 -0.025817399976854834 -0.13621528162993576 -0.10097234554425581 0.069471193871199932 -0.14080840678282044 -0.10152822181728188 0.052059000625166198 -0.087432566535292397 -0.114074792445406 -0.14687143045800646 -0.083528197609806912 0.13560589335279202
leaf_weight=576.99412931874394 2.2740635871887211 1.1154149286448958 25.262452095746994 8.1420897468924505 6.6964494697749606 7.1834989227354509 3.799961268901825 1.0906213037669656 2.1730246767401695 2.5428316146135321 2.7636869177222252 2.4632076919078845 1.5221856050193308 2.2757877949625245
leaf_count=6651 26 20 271 59 57 105 24 18 38 22 30 16 20 48
internal_value=-0.0109109 -0.0090345 -0.0100952 -0.052726 -0.00765543 -0.0603327 -0.0252499 0.0469316 0.1086 -0.11941 -0.117165 -0.12953 -0.100138 0.14483
internal_weight=646.299 622.659 617.095 33.4045 583.691 23.6401 14.6169 8.27412 5.56423 6.34279 9.02314 5.22689 3.79625 3.3912
internal_count=7405 7144 7038 330 6708 261 169 123 106 46 92 46 46 68
is_linear=0
shrinkage=0.1


Tree=25
num_leaves=10
num_cat=0
split_feature=11 0 3 6 2 6 1 6 11
split_gain=5.76244 6.96897 7.08119 23.963 7.67554 5.3587 43.0179 25.7075 0.318103
threshold=-1.1932763457298277 0.7975212335586549 -0.5749947428703307 -1.0716043710708616 1.5143000483512881 0.95606282353401195 0.025141289457678798 -0.99577653408050526 -1.2909479141235349
decision_type=2 2 2 2 2 2 2 2 2
left_child=8 5 3 -3 -4 7 -7 -2 -1
right_child=1 2 4 -5 -6 6 -8 -9 -10
leaf_value=-0.11871373673250657 -0.023454468007986895 -0.26503168205056055 0.048436694263560592 0.0086797097452150501 -0.064811166316936231 -0.0040471194372479809 -0.11363288975846389 0.039596171763778581 -0.07684243218268684
leaf_weight=3.7422233819961548 215.25189254432917 3.5938717201352111 55.084828615188599 29.079326890408993 6.7142771929502478 191.40748266875744 44.068592138588428 92.43697090819478 3.5220785290002814
leaf_count=30 2109 21 966 463 88 2054 295 1349 30
internal_value=-0.00985078 -0.00884183 0.0162257 -0.021427 0.0361327 -0.0132018 -0.0245557 -0.00451257 -0.0984125
internal_weight=644.902 637.637 94.4723 32.6732 61.7991 543.165 235.476 307.689 7.2643
internal_count=7405 7345 1538 484 1054 5807 2349 3458 60
is_linear=0
shrinkage=0.1


Tree=26
num_leaves=13
num_cat=0
split_feature=3 2 6 5 2 6 3 0 6 6 0 6
split_gain=5.8266 5.30602 10.6574 10.7348 6.19656 6.88443 4.03586 2.14833 0.90483 1.06977 0.0154535 0.00132028
threshold=1.4180744886398318 -1.4054052233695982 -1.0807650089263914 -0.4043153971433639 -1.1885122060775755 -1.0084104537963865 0.78906741738319408 -0.51042839884757985 0.2675407230854035 0.95473623275756847 -0.66250532865524281 -1.0182915329933164
decision_type=2 2 2 2 2 2 2 2 2 2 2 2
left_child=1 2 7 -4 6 -6 -3 -1 10 -10 11 -2
right_child=8 4 3 -5 5 -7 -8 -9 9 -11 -12 -13
leaf_value=0.24548301473688983 -0.10748089364972516 -0.027041243495456582 0.069887181052197114 -0.024527764152635807 -0.02199022929386156 0.00142658249197562 -0.093591828898171511 0.11033496306731122 -0.010901148012750352 -0.1060088322838519 -0.12080819138668797 -0.11131494075335675
leaf_weight=1.836571469902992 2.0858879126608372 30.404700666666031 18.296813420951366 35.228795681148767 205.53008257225156 322.62640573270619 13.012209467589853 3.2711437195539466 2.6835998818278313 2.1145387515425682 1.6413246244192103 1.5773386098444464
leaf_count=30 33 331 264 393 2155 3942 119 55 29 21 15 18
internal_value=-0.0089402 -0.00773242 0.0209164 0.00774637 -0.0106713 -0.00768598 -0.0469867 0.15893 -0.0842819 -0.0528151 -0.112745 -0.109132
internal_weight=640.309 630.207 58.6333 53.5256 571.573 528.156 43.4169 5.10772 10.1027 4.79814 5.30455 3.66323
internal_count=7405 7289 742 657 6547 6097 450 85 116 50 66 51
is_linear=0
shrinkage=0.1


Tree=27
num_leaves=12
num_cat=0
split_feature=0 5 11 3 1 2 11 0 6 0 11
split_gain=5.24462 6.17413 5.32022 4.71666 2.4881 3.00588 2.80415 1.69285 1.27667 0.324397 0.0640559
threshold=-1.249890863895416 -1.7582376003265379 -1.1932763457298277 1.4180744886398318 0.54533442854881298 -0.74523434042930592 2.6314657926559453 -1.3338961005210874 0.73752889037132274 2.4983366727828984 -0.47417248785495753
decision_type=2 2 2 2 2 2 2 2 2 2 2
left_child=4 10 9 -4 5 6 -1 -7 -6 -3 -2
right_child=1 2 3 -5 8 7 -8 -9 -10 -11 -12
leaf_value=-0.013136600322408501 0.12711806432723238 -0.072888203477125754 -0.0044795780389610945 -0.07922615057085633 -0.060757950983838474 -0.10979629197616975 0.12696568672511102 -0.036317816140216334 -0.13970641504328388 -0.11675091599182839 0.15778774584497779
leaf_weight=5.4235652387142208 1.2537802644073965 3.3640353344380847 586.63339100964367 8.5653998106718046 5.0597159899771196 3.941685043275359 1.9394697360694406 15.328727632761 3.4414792247116566 3.3804454021155834 1.4906151667237271
leaf_count=50 31 31 6883 104 39 26 26 132 27 29 27
internal_value=-0.00805609 -0.00587372 -0.006556 -0.00555524 -0.0456161 -0.0305814 0.0237672 -0.0513475 -0.0927181 -0.0948729 0.143776
internal_weight=639.822 604.688 601.943 595.199 35.1346 26.6334 7.36303 19.2704 8.5012 6.74448 2.7444
internal_count=7405 7105 7047 6987 300 234 76 158 66 60 58
is_linear=0
shrinkage=0.1


Tree=28
num_leaves=10
num_cat=0
split_feature=1 3 5 5 6 6 0 3 4
split_gain=4.93182 4.78378 6.47029 6.46612 4.28904 8.32033 1.55076 0.617155 0.18025
threshold=1.5337773561477663 1.2969402670860293 1.6085305809974673 1.4702638387680056 0.2675407230854035 0.96578204631805431 0.67956268787384044 -1.9536890387535093 -0.94168132543563832
decision_type=2 2 2 2 2 2 2 2 2
left_child=1 2 3 -1 8 -6 -4 -2 -3
right_child=7 4 6 -5 5 -7 -8 -9 -10
leaf_value=-0.0035032201472842087 -0.12354432082201183 -0.095384129614087071 0.10990560481912424 -0.050340245685519751 0.04465266481018422 -0.11308320118722735 -0.013062020526310676 -0.059238632157906826 -0.12686486795256383
leaf_weight=572.69283233955503 3.5559995025396347 3.1003771051764488 6.0329081267118445 31.075154613703489 8.1665222086012346 5.6630638614296904 1.2356128655374048 2.5718101821839801 4.4000509120523956
leaf_count=6651 30 46 108 303 123 46 24 28 46
internal_value=-0.00727499 -0.00640984 -0.0047848 -0.00591386 -0.0529619 -0.0199384 0.0890017 -0.0965556 -0.113852
internal_weight=638.494 632.367 611.037 603.768 21.33 13.8296 7.26852 6.12781 7.50043
internal_count=7405 7347 7086 6954 261 169 132 58 92
is_linear=0
shrinkage=0.1


Tree=29
num_leaves=16
num_cat=0
split_feature=0 11 11 2 2 2 6 1 5 1 5 6 1 3 5
split_gain=4.71908 5.26976 6.0186 5.63823 5.3026 4.56666 6.27127 6.12399 5.96851 4.94752 3.7019 3.73369 3.3866 2.93101 1.97749
threshold=-0.64847603440284718 -1.116467237472534 -1.0047556161880491 1.6135034561157229 -1.6762189865112302 1.1199942231178286 0.90519684553146373 -0.20846338570117948 -0.95630463957786549 -0.10198832303285597 -0.37043647468090052 1.0457335710525515 0.55369681119918834 1.4180744886398318 -1.018934905529022
decision_type=2 2 2 2 2 2 2 2 2 2 2 2 2 2 2
left_child=5 10 3 -3 -4 8 7 -7 12 -8 14 -12 -1 -10 -2
right_child=1 2 4 -5 -6 6 9 -9 13 -11 11 -13 -14 -15 -16
leaf_value=0.032101025516826892 -0.043180761495173352 0.05291271704371267 0.14509936458700493 -0.10869883664963294 -0.0026033583133527249 -0.043985075247699429 0.0085816169761463515 0.091545317755887021 -0.030133812075833235 -0.10527323552399144 0.010844787648182308 -0.13524301983730239 -0.034707758712971402 -0.11710386287096262 -0.15997178984754365
leaf_weight=25.842244613915682 2.3163052834570408 32.294541466981173 2.4475037790834895 2.3133662790060034 351.70439225994051 4.4614787101745632 12.281760163605215 13.1922570168972 155.41170104965568 5.5374957397580138 8.518168952316044 2.2016710340976706 10.741125911474226 3.9741472676396361 3.8752159215509918
leaf_count=302 27 606 47 24 4284 45 123 181 1419 41 109 17 101 53 26
internal_value=-0.00657081 -7.01986e-05 0.00230695 0.0421098 -0.0015826 -0.0179651 0.0150508 0.0572939 -0.0239414 -0.0267998 -0.0547164 -0.0191591 0.0124855 -0.0323023 -0.116279
internal_weight=637.113 405.671 388.76 34.6079 354.152 231.442 35.473 17.6537 195.969 17.8193 16.9114 10.7198 36.5834 159.386 6.19152
internal_count=7405 5140 4961 630 4331 2265 390 226 1875 164 179 126 403 1472 53
is_linear=0
shrinkage=0.1


Tree=30
num_leaves=8
num_cat=0
split_feature=5 1 6 1 1 3 11
split_gain=4.38608 4.29338 4.20267 52.2407 30.9518 0.600805 0.0373519
threshold=1.7549493908882143 1.5337773561477663 0.9469493329524995 0.1384941712021828 -0.061930522322654717 -1.9536890387535093 -0.18372231721878049
decision_type=2 2 2 2 2 2 2
left_child=1 2 4 -4 -1 -3 -2
right_child=6 5 3 -5 -6 -7 -8
leaf_value=-0.053397725081006722 0.12876130200485322 -0.12110722787854591 0.0017327493242231371 -0.12831387983867451 0.017835582468604842 -0.055453913842261872 0.15612908558664834
leaf_weight=78.859205100685358 1.0274279154837129 3.2439454570412636 243.35094309970737 35.380498640239239 269.32366953417659 2.4440080001950255 0.96905232965946098
leaf_count=898 24 30 2832 224 3349 28 20
internal_value=-0.00594124 -0.00640828 -0.00562358 -0.0147746 0.0017021 -0.0928972 0.142045
internal_weight=634.599 632.602 626.914 278.731 348.183 5.68795 1.99648
internal_count=7405 7361 7303 3056 4247 58 44
is_linear=0
shrinkage=0.1


Tree=31
num_leaves=10
num_cat=0
split_feature=11 0 1 6 6 5 6 6 11
split_gain=4.29936 4.53453 5.88425 28.8749 6.2791 5.01367 9.8147 7.69745 0.368398
threshold=-1.1932763457298277 0.4190931916236878 0.93900114297866832 -1.0338237881660459 1.0825545787811282 0.15259899199008944 -1.012090742588043 0.96466583013534557 -1.2909479141235349
decision_type=2 2 2 2 2 2 2 2 2
left_child=8 5 4 -4 -3 6 -2 -7 -1
right_child=1 2 3 -5 -6 7 -8 -9 -10
leaf_value=-0.11435609085699949 -0.02619930353251956 0.021290247341683572 -0.26788595233522949 0.01955937953628651 -0.087615304992703522 -0.0043967225437748494 0.016680753759563405 -0.041222404470267343 -0.064756051032281797
leaf_weight=3.0141192469745874 84.666807718575001 136.79592639580369 4.3889081627130535 17.152390889823437 5.5073063857853404 133.8629941586405 144.4432539306581 98.545556601136923 2.9759436063468447
leaf_count=30 789 2093 20 273 51 1471 1729 919 30
internal_value=-0.00539693 -0.00458929 0.00970223 -0.0390059 0.0170755 -0.00966295 0.000834581 -0.0200115 -0.0897141
internal_weight=631.353 625.363 163.845 21.5413 142.303 461.519 229.11 232.409 5.99006
internal_count=7405 7345 2437 293 2144 4908 2518 2390 60
is_linear=0
shrinkage=0.1


Tree=32
num_leaves=15
num_cat=0
split_feature=6 1 6 1 1 6 6 2 0 1 3 6 0 0
split_gain=3.95337 70.172 26.3079 50.3607 17.1026 54.1723 39.5696 8.06571 8.03046 7.00347 6.76612 3.15555 2.71967 1.9255
threshold=-0.99297454953193653 -0.061930522322654717 0.86292713880538952 0.069780137389898314 0.43513450026512152 -1.0807650089263914 -1.0847628712654112 1.5440906882286074 -0.34044913947582239 1.8220325112342837 1.2969402670860293 -1.1135612130165098 -0.23917565494775769 0.56066244840621959
decision_type=2 2 2 2 2 2 2 2 2 2 2 2 2 2
left_child=1 8 9 7 5 -3 -6 -4 11 10 -2 -1 -5 -10
right_child=2 4 3 12 6 -7 -8 -9 13 -11 -12 -13 -14 -15
leaf_value=-0.01968304622443413 0.068628826211594274 0.11664701206105368 0.010478014793226333 -0.096197849275793834 -0.16254208017494329 -0.050742371232801869 0.005567351117011678 -0.055026175965341331 -0.16906023083143629 -0.12335734434586353 -0.053079591671290297 -0.11697239902557864 -0.15104993385828863 -0.24541889807340667
leaf_weight=3.9609496779739848 67.093518713489175 45.203553609549999 231.52251165173948 28.021220207214355 15.73151660338044 33.783551927655935 127.32819708436728 20.458779606968164 10.032755196094511 2.1369625106453887 4.9013945218175641 21.056967834010724 13.343640074133871 4.9227501899003974
leaf_count=38 1134 728 2821 238 85 298 1488 204 49 15 60 158 66 23
internal_value=-0.00486913 -0.0142541 0.0018226 -0.0116279 0.0077031 0.0450529 -0.0129187 0.00515962 -0.136224 0.0550475 0.0603429 -0.101569 -0.113892 -0.194194
internal_weight=629.498 262.02 367.478 293.346 222.047 78.9871 143.06 251.981 39.9734 74.1319 71.9949 25.0179 41.3649 14.9555
internal_count=7405 2867 4538 3329 2599 1026 1573 3025 268 1209 1194 196 304 72
is_linear=0
shrinkage=0.1


Tree=33
num_leaves=10
num_cat=0
split_feature=11 0 6 1 6 6 3 6 11
split_gain=3.81032 3.80398 5.10586 11.5099 6.99616 4.40657 37.7115 7.33397 0.388512
threshold=-1.1932763457298277 0.94502100348472606 -1.0084104537963865 0.011193609330803158 1.032226085662842 -1.0807650089263914 -0.48630562424659723 -0.99577653408050526 -1.2909479141235349
decision_type=2 2 2 2 2 2 2 2 2
left_child=8 5 3 -3 -4 6 -2 -7 -1
right_child=1 2 4 -5 -6 7 -8 -9 -10
leaf_value=-0.11321103963362181 -0.13105614777101032 -0.23706513240223656 0.075699485514285958 0.0048714905400315152 -0.014434019247880975 -0.027818680474143254 0.056784971668662976 -0.0013559721268095054 -0.060432384336511415
leaf_weight=2.7791021019220352 13.479053553193806 2.0998093783855429 24.048916887491941 30.948179081082344 13.415694456547497 154.11135156080127 51.614009259268641 326.84503063932061 2.7998672984540454
leaf_count=30 79 9 511 501 198 1495 684 3868 30
internal_value=-0.00445235 -0.00370791 0.0181502 -0.0105007 0.0434236 -0.00653051 0.017888 -0.00983534 -0.0867235
internal_weight=622.141 616.562 70.5126 33.048 37.4646 546.049 65.0931 480.956 5.57897
internal_count=7405 7345 1219 510 709 6126 763 5363 60
is_linear=0
shrinkage=0.1


Tree=34
num_leaves=7
num_cat=0
split_feature=5 3 2 6 2 11
split_gain=3.70418 3.48842 3.44432 7.7443 5.04179 0.0358709
threshold=1.7549493908882143 -1.9536890387535093 -1.4054052233695982 -1.0807650089263914 -1.2571954131126402 -0.071877863258123384
decision_type=2 2 2 2 2 2
left_child=1 -1 3 -3 -4 -2
right_child=5 2 4 -5 -6 -7
leaf_value=-0.1168453674573053 0.1248324463176195 0.13852097716108255 -0.046338700432761157 0.0080646333540182573 -0.0040724062865746934 0.15288657033404524
leaf_weight=2.7486640308052293 0.96331766620278358 4.9864563457667819 29.813790898770094 52.038769097998738 528.78607386536896 0.86505669727921375
leaf_count=30 25 89 315 653 6274 19
internal_value=-0.00402001 -0.00444024 -0.00393837 0.0194721 -0.00632826 0.138106
internal_weight=620.202 618.374 615.625 57.0252 558.6 1.82837
internal_count=7405 7361 7331 742 6589 44
is_linear=0
shrinkage=0.1


Tree=35
num_leaves=10
num_cat=0
split_feature=1 6 1 6 1 0 2 0 4
split_gain=3.4459 3.49751 40.399 25.8392 62.5042 6.52405 5.71029 1.48911 0.495736
threshold=-1.4190858006477354 0.9469493329524995 0.1384941712021828 -0.97400894761085499 -0.061930522322654717 -1.1242935657501218 1.5440906882286074 -0.28522959351539606 -0.73612737655639637
decision_type=2 2 2 2 2 2 2 2 2
left_child=8 3 6 4 -2 -5 -3 -4 -1
right_child=1 2 7 5 -6 -7 -8 -9 -10
leaf_value=-0.052612171561731674 -0.12875588248996817 0.0073225537339395332 -0.10003466638767172 -0.0088095688647277775 0.0091527809654657344 0.0712103752667861 -0.048091563703919551 -0.14467806701583971 -0.12457912077849836
leaf_weight=1.5839046612381933 38.285532303154469 221.41640478372574 21.018156720325351 12.322807878255842 232.09804143942893 58.833365216851234 20.300890531390905 11.59252133592963 2.4189275484532109
leaf_count=29 242 2635 193 135 2781 1098 200 61 31
internal_value=-0.00361936 -0.00301827 -0.0114268 0.00373556 -0.0103747 0.0573525 0.00266854 -0.115905 -0.0961021
internal_weight=619.871 615.868 274.328 341.54 270.384 71.1562 241.717 32.6107 4.00283
internal_count=7405 7345 3089 4256 3023 1233 2835 254 60
is_linear=0
shrinkage=0.1


Tree=36
num_leaves=13
num_cat=0
split_feature=11 11 6 3 2 2 6 5 5 6 6 3
split_gain=3.40485 4.64313 4.33377 7.83208 5.79602 3.75907 3.82406 2.22094 4.10089 4.04657 0.55056 0.319193
threshold=-1.1260306239128111 -1.0047556161880491 -1.0535286068916319 -0.7805381417274474 1.6135034561157229 -1.6956303119659422 -1.0758756399154661 1.3281549215316775 -0.36061869561672205 1.0416632890701296 -1.0000000180025095e-35 -0.44341897964477534
decision_type=2 2 2 2 2 2 2 2 2 2 2 2
left_child=7 2 3 -2 -4 10 -7 8 11 -10 -3 -1
right_child=1 5 4 -5 -6 6 -8 -9 9 -11 -12 -13
leaf_value=-0.12613069832829105 -0.27636669705610228 0.066227312332365659 0.069673787217351416 0.0086127555150970012 -0.097475642299093196 0.015174434259925757 -0.0082974685973496547 -0.15256733620385335 0.058543416773980873 -0.12377274258596621 0.15848206299323525 -0.075023471682517259
leaf_weight=2.9171643014997244 1.0974793732166288 1.208921864628792 23.091062678024176 7.9521285817027074 2.2793071232736102 81.084681684151292 482.12277259118855 1.9158392287790764 5.0831690933555356 1.6007995530962942 1.3914305008947838 2.1030549667775622
leaf_count=24 5 19 487 146 22 976 5574 13 76 16 26 21
internal_value=-0.00331698 -0.00219509 0.0334645 -0.0259478 0.0546569 -0.00436439 -0.00491823 -0.0527581 -0.0364204 0.014879 0.115592 -0.104721
internal_weight=613.848 600.228 34.42 9.04961 25.3704 565.808 563.207 13.62 11.7042 6.68397 2.60035 5.02022
internal_count=7405 7255 660 151 509 6595 6550 150 137 92 45 45
is_linear=0
shrinkage=0.1


Tree=37
num_leaves=7
num_cat=0
split_feature=3 5 5 0 3 11
split_gain=3.20887 3.1701 3.151 3.29942 0.614925 0.0350222
threshold=-1.9536890387535093 1.7549493908882143 -1.7582376003265379 1.553121864795685 -0.36180470883846277 -0.03953201696276664
decision_type=2 2 2 2 2 2
left_child=-1 2 4 -4 -2 -3
right_child=1 5 3 -5 -6 -7
leaf_value=-0.11575101786370523 0.045742448980907013 0.12189787096459653 -0.0020943739967999525 -0.045649386478052473 0.1426559094905934 0.15099218275378287
leaf_weight=2.5131531897932282 1.0855692215263846 0.91241559572517872 588.13831965625286 17.922489637508988 1.6496159508824337 0.75701142661273368
leaf_count=30 24 26 7046 225 36 18
internal_value=-0.00298595 -0.00252172 -0.00289908 -0.00338239 0.104192 0.135091
internal_weight=612.979 610.465 608.796 606.061 2.73519 1.66943
internal_count=7405 7375 7331 7271 60 44
is_linear=0
shrinkage=0.1


Tree=38
num_leaves=10
num_cat=0
split_feature=1 11 4 2 6 2 4 11 6
split_gain=3.02519 2.97822 2.97292 4.1964 4.14379 0.568691 0.534379 0.457105 0.0170975
threshold=-1.3427911996841428 -1.1932763457298277 1.106138348579407 -1.3723265528678892 1.0821535587310793 0.6023463010787965 -1.1258851885795591 -1.2909479141235349 0.82011994719505321
decision_type=2 2 2 2 2 2 2 2 2
left_child=5 7 3 -3 -4 6 -1 -2 -8
right_child=1 2 4 -5 -6 -7 8 -9 -10
leaf_value=-0.042086567940166963 -0.11162561634638035 0.029570246861439338 -0.021012757550216605 -0.0013029413867168653 0.10524702662539825 -0.015612605041271588 -0.10983757326580026 -0.049936565858816888 -0.12513944452347728
leaf_weight=1.3730666209012268 2.375629753805697 48.716830108314753 93.565170723944902 457.28014632686973 2.6736477985978118 1.197239067405462 1.418235041201114 2.4296051524579516 1.5051551982760427
leaf_count=30 29 687 897 5638 34 18 27 30 15
internal_value=-0.00268887 -0.00202032 -0.00139465 0.0016695 -0.0175051 -0.0765622 -0.0935463 -0.0804346 -0.117716
internal_weight=612.535 607.041 602.236 505.997 96.2388 5.4937 4.29646 4.80523 2.92339
internal_count=7405 7315 7256 6325 931 90 72 59 42
is_linear=0
shrinkage=0.1


Tree=39
num_leaves=9
num_cat=0
split_feature=3 5 2 2 6 2 4 11
split_gain=2.8715 2.80769 4.85155 10.6941 7.37601 4.77966 4.48518 2.82955
threshold=-1.9536890387535093 -0.95630463957786549 0.71252697706222545 0.6023463010787965 0.99063682556152355 -1.4264140725135801 1.2234883308410647 -1.116467237472534
decision_type=2 2 2 2 2 2 2 2
left_child=-1 5 3 -3 -4 6 -2 -7
right_child=1 2 4 -5 -6 7 -8 -9
leaf_value=-0.11409308362466242 0.10721370619044507 -0.0075554696374914455 0.029332609762034629 -0.08710763772889149 -0.020015084798369394 -0.10114615878149052 -0.068530747801871503 0.0077796043985463694
leaf_weight=2.2943245349451891 8.4302041530609113 334.94060841761529 81.712867518886924 17.796095509082079 48.12995670735836 2.4358096010982981 1.754373151808976 113.92372974194586
leaf_count=30 153 3966 1092 152 522 21 16 1453
internal_value=-0.00242966 -0.00200907 -0.00548569 -0.011569 0.0110405 0.0112491 0.0769403 0.00549941
internal_weight=611.418 609.124 482.58 352.737 129.843 126.544 10.1846 116.36
internal_count=7405 7375 5732 4118 1614 1643 169 1474
is_linear=0
shrinkage=0.1


Tree=40
num_leaves=15
num_cat=0
split_feature=3 5 5 1 6 6 6 0 0 4 2 4 0 3
split_gain=2.77057 4.20869 4.86499 5.39821 3.52772 7.62452 3.36052 2.42393 1.37063 1.70567 0.404549 0.184973 0.118981 0.099173
threshold=1.2969402670860293 1.6085305809974673 1.4901422262191775 0.96458709239959728 0.2675407230854035 0.96578204631805431 0.9469493329524995 0.63034704327583324 0.67956268787384044 1.0861424803733828 -0.21842493116855619 -1.1132821440696714 -1.1170220375061033 1.3854771852493288
decision_type=2 2 2 2 2 2 2 2 2 2 2 2 2 2
left_child=1 2 6 -4 11 7 -1 -6 9 -3 -7 12 -2 -13
right_child=4 8 3 -5 5 10 -8 -9 -10 -11 -12 13 -14 -15
leaf_value=0.0070571653273581699 -0.10579082411337773 0.12890611591500087 -0.016608098384823584 -0.11694104667445396 0.071784039132070737 -0.13193366328872566 -0.0085670506823644649 -0.090153155340221239 -0.023781012102690985 -0.010030903404082371 -0.074702278580575335 -0.14406889503074533 -0.056744528523798458 -0.1089733343495396
leaf_weight=311.31740976683795 1.1511815413832667 4.2510237768292418 20.677996717393402 7.2399879395961753 6.7613142747431976 2.9290189743041992 246.78657456580549 1.0707015842199323 1.0729579385370014 1.1154677383601663 2.1356593184173107 1.343326050788167 0.86722364276647557 2.0098553169518709
leaf_count=3930 24 93 227 53 104 23 2801 19 24 16 23 9 20 39
internal_value=-0.0021887 -0.00100599 -0.0018895 -0.0426275 -0.0405454 -0.0121851 0.000148333 0.0496459 0.0793977 0.100027 -0.1078 -0.108636 -0.0847177 -0.123033
internal_weight=610.73 592.461 586.022 27.918 18.2683 12.8967 558.104 7.83202 6.43945 5.36649 5.06468 5.37159 2.01841 3.35318
internal_count=7405 7144 7011 280 261 169 6731 123 133 109 46 92 44 48
is_linear=0
shrinkage=0.1


Tree=41
num_leaves=16
num_cat=0
split_feature=6 1 1 3 6 6 6 2 2 0 4 1 0 6 0
split_gain=2.90086 46.2877 37.6112 14.0734 25.1576 22.0275 19.6871 10.8115 6.13666 6.014 5.33286 5.30051 4.04725 1.06565 1.04945
threshold=-1.0084104537963865 -0.061930522322654717 1.0514106154441836 -1.1400667428970335 -0.97400894761085499 -0.67978671193122853 0.64174306392669689 -1.2746746540069578 -0.36582374572753901 -0.76135611534118641 1.1909638643264773 -0.22256527096033094 -0.93460723757743824 0.73752889037132274 0.50970900058746349
decision_type=2 2 2 2 2 2 2 2 2 2 2 2 2 2 2
left_child=1 9 7 5 8 10 -6 -3 -5 11 -2 -1 -4 -7 -11
right_child=3 2 12 4 6 13 -8 -9 -10 14 -12 -13 -14 -15 -16
leaf_value=-0.10384016670078636 0.12807691909419344 0.10487352673410036 -0.053009791407884643 -0.15911364358481686 0.081593132121187822 -0.020154027847105946 -0.0035552896476888822 0.014666082436994641 -0.05280514476306955 -0.1398810156760161 0.0036927555322996508 0.042389425674803485 -0.15785279379071163 -0.10186617494498361 -0.19250002559306456
leaf_weight=9.4105940088629705 22.215005600824956 14.483752455562351 5.1088860295712974 11.052787683904173 29.891787508502603 2.1858160346746427 296.42839349992573 160.69854032434523 10.673653721809385 15.811840219423177 4.0799592621624461 3.3652726039290419 13.182856135070322 5.9151213308796287 4.9853815883398047
leaf_count=99 408 235 43 80 565 27 3539 1947 117 88 41 35 79 79 23
internal_value=-0.00197789 -0.0109316 0.00787707 0.00333774 -0.00269274 0.0643592 0.00424453 0.0221243 -0.106887 -0.119322 0.108777 -0.065322 -0.12857 -0.0798184 -0.152495
internal_weight=609.49 227.047 193.474 382.443 348.047 34.3959 326.32 175.182 21.7264 33.5731 26.295 12.7759 18.2917 8.10094 20.7972
internal_count=7405 2549 2304 4856 4301 555 4104 2182 197 245 449 134 122 106 111
is_linear=0
shrinkage=0.1


Tree=42
num_leaves=14
num_cat=0
split_feature=0 5 11 4 6 6 4 6 1 3 6 11 0
split_gain=2.65599 4.09037 2.61341 2.58785 1.94282 3.86681 3.28632 2.54672 2.92242 1.65552 1.3626 0.466835 0.0367854
threshold=-1.249890863895416 -1.7582376003265379 -1.1932763457298277 1.0318819284439089 0.99872112274169933 1.0565140843391421 1.8290292620658877 -1.0758756399154661 0.3932748436927796 0.87534475326538097 1.0800977349281313 -1.2909479141235349 0.13341332972049716
decision_type=2 2 2 2 2 2 2 2 2 2 2 2 2
left_child=4 12 11 -4 7 6 -6 8 -1 -9 -7 -3 -2
right_child=1 2 3 -5 5 10 -8 9 -10 -11 -12 -13 -14
leaf_value=0.089148118932498022 0.14485969255802025 -0.11038690810081234 0.002838585214304096 -0.015259079319418651 0.19317312910041837 -0.093880901785240931 0.0097031300274290112 -0.077153858806128281 -0.06301642537835897 0.019383971640799875 0.010122497949086606 -0.0456548720842338 0.11901496853585965
leaf_weight=2.6096239592880037 1.3104082271456712 2.1622578855603933 472.19947744812816 94.890111612156034 1.5845640767365674 2.967987272888422 2.5432736277580261 14.67471318878234 2.4444245249032974 2.0210406500846139 2.1886618752032518 2.2983001731336108 0.94995396770536888
leaf_count=33 27 30 6033 954 27 23 29 118 19 29 22 30 31
internal_value=-0.00179951 -0.000258425 -0.000789381 -0.000189665 -0.0302936 0.00800155 0.0801322 -0.0466409 0.0155527 -0.0654678 -0.0497382 -0.0770338 0.133998
internal_weight=604.845 573.811 571.55 567.09 31.0343 9.28449 4.12784 21.7498 5.05405 16.6958 5.15665 4.46056 2.26036
internal_count=7405 7105 7047 6987 300 101 56 199 52 147 45 60 58
is_linear=0
shrinkage=0.1


Tree=43
num_leaves=16
num_cat=0
split_feature=3 6 6 1 6 1 6 1 3 2 6 0 6 0 6
split_gain=2.56711 28.485 34.7365 25.0814 13.8989 31.561 23.3346 49.7949 17.3211 13.5143 9.68677 1.1309 1.12395 0.553632 0.0973832
threshold=-0.51887899637222279 0.64174306392669689 -1.0630009770393369 0.66152143478393566 -1.0856003165245054 -0.22256527096033094 -0.88503965735435475 0.28863981366157537 -0.43514116108417505 -0.40174230933189387 0.86292713880538952 -0.34044913947582239 0.92767488956451427 -0.51042839884757985 1.0218325257301333
decision_type=2 2 2 2 2 2 2 2 2 2 2 2 2 2 2
left_child=1 2 3 -1 5 13 7 -6 -7 -4 -8 12 -3 -2 -13
right_child=4 11 9 -5 6 8 10 -9 -10 -11 -12 14 -14 -15 -16
leaf_value=-0.00022397013108796488 -0.099607432440275978 -0.041564529913766288 -0.0098729496988689477 -0.17546703344999715 -0.12207548521968664 -0.11023446625157628 0.062735489481899442 0.042844913993551725 0.10544900044258615 0.055994547695072984 0.0025545233719995145 -0.15630618174259933 -0.10885021001561564 -0.15322544910702826 -0.13361833008808041
leaf_weight=16.309897527098656 3.248423608019948 3.0316629037261071 54.69515092112124 16.358740948140621 44.157027120701969 4.113166131079196 29.779417470097542 31.274324752390385 39.294066609814763 72.357902299612761 262.58079105243087 3.1000187899917355 13.706855630502103 4.7295360080897799 4.854573218151927
leaf_count=191 38 33 677 83 318 36 549 392 669 1075 3126 20 145 23 30
internal_value=-0.00162914 -0.0114614 0.00399177 -0.0879765 0.00269649 0.0514128 -0.0041098 -0.0536984 0.0850113 0.0276392 0.00868448 -0.111416 -0.0966635 -0.131394 -0.14246
internal_weight=603.592 184.415 159.722 32.6686 419.177 51.3852 367.792 75.4314 43.4072 127.053 292.36 24.6931 16.7385 7.97796 7.95459
internal_count=7405 2254 2026 274 5151 766 4385 710 705 1752 3675 228 178 61 50
is_linear=0
shrinkage=0.1


Tree=44
num_leaves=7
num_cat=0
split_feature=3 1 6 1 3 4
split_gain=2.53079 2.48386 2.44609 34.2366 15.4761 0.624543
threshold=-1.9536890387535093 -1.4190858006477354 -1.0084104537963865 -0.061930522322654717 -1.1400667428970335 -0.83614882826805104
decision_type=2 2 2 2 2 2
left_child=-1 5 3 -3 -4 -2
right_child=1 2 4 -5 -6 -7
leaf_value=-0.11305048801845703 -0.029809799737678434 -0.10834394243632794 0.072583291485301654 0.00668752368638377 -0.0018045163567292943 -0.12233091329791149
leaf_weight=2.0272075096145263 1.1347555480897429 29.96940585039556 30.458939081989229 189.32070411741734 341.96653388347477 2.0433982927352181
leaf_count=30 26 218 529 2300 4268 34
internal_value=-0.00150801 -0.00112791 -0.000654353 -0.00903332 0.00427931 -0.0892964
internal_weight=596.921 594.894 591.716 219.29 372.425 3.17815
internal_count=7405 7375 7315 2518 4797 60
is_linear=0
shrinkage=0.1


Tree=45
num_leaves=16
num_cat=0
split_feature=3 6 6 1 6 1 6 3 3 2 6 0 0 6 6
split_gain=2.94514 24.5384 28.1036 21.4103 12.4429 24.9186 18.353 39.0909 16.6514 11.7922 11.2852 8.02856 1.00203 1.17696 0.0766493
threshold=-0.51887899637222279 0.64174306392669689 -1.0630009770393369 0.66152143478393566 -1.0856003165245054 -0.061930522322654717 -0.67978671193122853 -0.38316869735717768 -0.43514116108417505 -0.84367775917053212 0.64174306392669689 -1.0019499063491819 -0.34044913947582239 0.92767488956451427 1.0218325257301333
decision_type=2 2 2 2 2 2 2 2 2 2 2 2 2 2 2
left_child=1 2 3 -1 5 11 7 -6 -7 -4 -8 -2 13 -3 -14
right_child=4 12 9 -5 6 8 10 -9 -10 -11 -12 -13 14 -15 -16
leaf_value=-0.00087057668925403532 0.06708430999982444 -0.037326338729699295 -0.022536043412185527 -0.16414860219751751 0.057159113446289413 -0.099726423785850102 0.10376496691037332 -0.096312420392873924 0.11334120506646282 0.043884777616811303 0.0043191650553185959 -0.12550862613761654 -0.15038212565770404 -0.10663270492437225 -0.1296640219333538
leaf_weight=16.302466031163931 2.8796538915485135 3.027662172913554 38.567473875358701 15.828289357945321 24.495346402749419 4.1190675087273112 11.902405824512241 51.469169795513153 33.48533190600574 87.079198524355888 276.59842184837908 8.715583994984625 2.9360461197793475 12.848619567230342 4.557658564299345
leaf_count=191 39 33 476 83 326 36 234 431 628 1276 3394 63 20 145 30
internal_value=-0.00137716 -0.0120105 0.00215436 -0.0813048 0.00327929 0.0504838 -0.00309292 -0.0468243 0.0900024 0.0234968 0.00842191 -0.0776786 -0.107642 -0.0934157 -0.137781
internal_weight=594.812 181.147 157.777 32.1308 413.665 49.1996 364.465 75.9645 37.6044 125.647 288.501 11.5952 23.37 15.8763 7.4937
internal_count=7405 2254 2026 274 5151 766 4385 757 664 1752 3628 102 228 178 50
is_linear=0
shrinkage=0.1


Tree=46
num_leaves=16
num_cat=0
split_feature=3 6 6 6 1 6 3 3 6 6 0 0 6 0 4
split_gain=2.44616 21.4841 23.8977 10.5174 21.6118 15.2466 36.8939 12.4308 9.05744 7.49095 2.45095 0.911047 1.47156 0.376552 0.0606293
threshold=-0.51887899637222279 0.64174306392669689 -1.0807650089263914 -1.0856003165245054 -0.22256527096033094 -0.88503965735435475 -0.20666965097188947 -0.43514116108417505 -0.97400894761085499 0.84170961380004894 -0.73897612094879139 -0.34044913947582239 0.86292713880538952 -0.6780104637145995 -0.56180903315544117
decision_type=2 2 2 2 2 2 2 2 2 2 2 2 2 2 2
left_child=1 2 10 4 13 6 -5 -6 -4 -7 -1 12 -3 -2 -13
right_child=3 11 8 5 7 9 -8 -9 -10 -11 -12 14 -14 -15 -16
leaf_value=-0.065155282532901274 -0.087242016672566522 -0.0031269808256652121 0.0035866631859899976 0.021674832587661581 -0.089914901585414805 0.058797222905021901 -0.12243452359333554 0.093496675704327736 0.077335298628002647 0.0023611573854249121 -0.16084399848774406 -0.12418556941881198 -0.10126399362907082 -0.13610541689561859 -0.14283026449754707
leaf_weight=3.8937075249850741 2.5000353008508682 1.7283349074423338 124.80835400521755 38.895817467942834 4.111964486539363 25.808045754209161 32.700962108559906 36.463601132854819 19.217370206490159 265.20013493672013 8.5647270753979665 3.4300450552254915 13.179516040720044 4.2719703223556271 3.5483657368458799
leaf_count=32 35 22 1526 460 36 494 250 669 421 3181 47 24 156 26 26
internal_value=-0.00127029 -0.0110458 0.0019334 0.00298304 0.0473087 -0.00280483 -0.0441454 0.0749096 0.013427 0.00736619 -0.130938 -0.103846 -0.0898865 -0.118066 -0.133666
internal_weight=588.323 178.37 156.484 409.953 47.3476 362.605 71.5968 40.5756 144.026 291.008 12.4584 21.8863 14.9079 6.77201 6.97841
internal_count=7405 2254 2026 5151 766 4385 710 705 1947 3675 79 228 178 61 50
is_linear=0
shrinkage=0.1


Tree=47
num_leaves=7
num_cat=0
split_feature=1 0 1 5 4 3
split_gain=2.50762 2.48592 2.13824 2.04149 0.66845 0.381825
threshold=1.5337773561477663 2.4983366727828984 -1.4190858006477354 -1.2961242794990537 -1.0994893312454221 -1.9536890387535093
decision_type=2 2 2 2 2 2
left_child=1 2 4 -4 -1 -2
right_child=5 -3 3 -5 -6 -7
leaf_value=-0.020481765609418945 -0.11336221074196461 -0.11039748918827513 0.015936525595260268 -0.0020804097229795986 -0.12139690648512852 -0.050194800433664435
leaf_weight=1.0093467459082606 1.9182767593301833 2.0563939660787574 71.911135531030595 501.36317764874548 1.8769995374605049 1.9094498977065077
leaf_count=25 30 29 999 6259 35 28
internal_value=-0.00117841 -0.000644365 -0.000252642 0.000179622 -0.0861072 -0.0818513
internal_weight=582.045 578.217 576.161 573.274 2.88635 3.82773
internal_count=7405 7347 7318 7258 60 58
is_linear=0
shrinkage=0.1


Tree=48
num_leaves=7
num_cat=0
split_feature=11 1 1 5 4 3
split_gain=2.21191 2.1836 1.85301 1.8772 0.639154 0.388769
threshold=-1.2909479141235349 1.5337773561477663 -1.4190858006477354 -1.7582376003265379 -1.0994893312454221 -1.9536890387535093
decision_type=2 2 2 2 2 2
left_child=-1 2 4 -4 -2 -3
right_child=1 5 3 -5 -6 -7
leaf_value=-0.10931688039281802 -0.01871903242840697 -0.11202824945004242 0.090621973289116975 -0.00020022519971283096 -0.11935989832575099 -0.046395182238464228
leaf_weight=1.8814945588819671 0.99475501850247416 1.7515322770923376 2.2848689248785368 570.90531229041517 1.7258801124989975 1.8618258479982606
leaf_count=30 25 29 60 7198 35 28
internal_value=-0.00106664 -0.000715195 -0.00022898 0.000161813 -0.0825622 -0.07821
internal_weight=581.406 579.524 575.911 573.19 2.72064 3.61336
internal_count=7405 7375 7318 7258 60 57
is_linear=0
shrinkage=0.1


Tree=49
num_leaves=9
num_cat=0
split_feature=0 3 6 6 6 1 6 0
split_gain=1.99276 1.94444 18.9564 20.7592 9.15309 26.2235 21.4271 0.851846
threshold=2.4983366727828984 -0.51887899637222279 0.64174306392669689 -1.0630009770393369 -1.0758756399154661 -0.061930522322654717 -0.88503965735435475 -0.34044913947582239
decision_type=2 2 2 2 2 2 2 2
left_child=1 2 3 -1 5 -3 -6 -4
right_child=-2 4 7 -5 6 -7 -8 -9
leaf_value=-0.070825905053468544 -0.10844177648236593 -0.077278300690333146 -0.086189037898388748 0.020844075414558391 -0.062829506427308987 0.073379466497729862 0.0072250837405929708 -0.13014111351038174
leaf_weight=30.880367182195187 1.7200282281264652 15.121169174090026 13.928243874572219 123.49714481364936 51.436993176583201 48.965350039303303 288.79111908841878 6.452450801851227
leaf_count=272 29 135 178 1746 481 856 3658 50
internal_value=-0.000964833 -0.000645593 -0.00945957 0.00250719 0.0031641 0.0378319 -0.00336604 -0.100104
internal_weight=580.793 579.073 174.758 154.378 404.315 64.0865 340.228 20.3807
internal_count=7405 7376 2246 2018 5130 991 4139 228
is_linear=0
shrinkage=0.1


end of trees

feature_importances:
Column_6=166
Column_0=86
Column_1=83
Column_3=76
Column_11=63
Column_5=50
Column_2=35
Column_4=28

parameters:
[boosting: gbdt]
[objective: binary]
[metric: binary_logloss]
[tree_learner: serial]
[device_type: cpu]
[data_sample_strategy: bagging]
[data: ]
[valid: ]
[num_iterations: 50]
[learning_rate: 0.1]
[num_leaves: 31]
[num_threads: 16]
[seed: 0]
[deterministic: 0]
[force_col_wise: 0]
[force_row_wise: 0]
[histogram_pool_size: -1]
[max_depth: 4]
[min_data_in_leaf: 20]
[min_sum_hessian_in_leaf: 0.001]
[bagging_fraction: 1]
[pos_bagging_fraction: 1]
[neg_bagging_fraction: 1]
[bagging_freq: 0]
[bagging_seed: 3]
[bagging_by_query: 0]
[feature_fraction: 1]
[feature_fraction_bynode: 1]
[feature_fraction_seed: 2]
[extra_trees: 0]
[extra_seed: 6]
[early_stopping_round: 0]
[early_stopping_min_delta: 0]
[first_metric_only: 0]
[max_delta_step: 0]
[lambda_l1: 0]
[lambda_l2: 0]
[linear_lambda: 0]
[min_gain_to_split: 0]
[drop_rate: 0.1]
[max_drop: 50]
[skip_drop: 0.5]
[xgboost_dart_mode: 0]
[uniform_drop: 0]
[drop_seed: 4]
[top_rate: 0.2]
[other_rate: 0.1]
[min_data_per_group: 100]
[max_cat_threshold: 32]
[cat_l2: 10]
[cat_smooth: 10]
[max_cat_to_onehot: 4]
[top_k: 20]
[monotone_constraints: ]
[monotone_constraints_method: basic]
[monotone_penalty: 0]
[feature_contri: ]
[forcedsplits_filename: ]
[refit_decay_rate: 0.9]
[cegb_tradeoff: 1]
[cegb_penalty_split: 0]
[cegb_penalty_feature_lazy: ]
[cegb_penalty_feature_coupled: ]
[path_smooth: 0]
[interaction_constraints: ]
[verbosity: 1]
[saved_feature_importance_type: 0]
[use_quantized_grad: 0]
[num_grad_quant_bins: 4]
[quant_train_renew_leaf: 0]
[stochastic_rounding: 1]
[linear_tree: 0]
[max_bin: 255]
[max_bin_by_feature: ]
[min_data_in_bin: 3]
[bin_construct_sample_cnt: 200000]
[data_random_seed: 1]
[is_enable_sparse: 1]
[enable_bundle: 1]
[use_missing: 1]
[zero_as_missing: 0]
[feature_pre_filter: 1]
[pre_partition: 0]
[two_round: 0]
[header: 0]
[label_column: ]
[weight_column: ]
[group_column: ]
[ignore_column: ]
[categorical_feature: ]
[forcedbins_filename: ]
[precise_float_parser: 0]
[parser_config_file: ]
[objective_seed: 5]
[num_class: 1]
[is_unbalance: 0]
[scale_pos_weight: 0.257216]
[sigmoid: 1]
[boost_from_average: 1]
[reg_sqrt: 0]
[alpha: 0.9]
[fair_c: 1]
[poisson_max_delta_step: 0.7]
[tweedie_variance_power: 1.5]
[lambdarank_truncation_level: 30]
[lambdarank_norm: 1]
[label_gain: ]
[lambdarank_position_bias_regularization: 0]
[eval_at: ]
[multi_error_top_k: 1]
[auc_mu_weights: ]
[num_machines: 1]
[local_listen_port: 12400]
[time_out: 120]
[machine_list_filename: ]
[machines: ]
[gpu_platform_id: -1]
[gpu_device_id: -1]
[gpu_use_dp: 0]
[num_gpu: 1]

end of parameters

pandas_categorical:null
