tree
version=v4
num_class=1
num_tree_per_iteration=1
label_index=0
max_feature_idx=26
objective=binary sigmoid:1
feature_names=Column_0 Column_1 Column_2 Column_3 Column_4 Column_5 Column_6 Column_7 Column_8 Column_9 Column_10 Column_11 Column_12 Column_13 Column_14 Column_15 Column_16 Column_17 Column_18 Column_19 Column_20 Column_21 Column_22 Column_23 Column_24 Column_25 Column_26
feature_infos=[-0.0096082070700022094:256.91573422961244] [-4.9574364785671579:4.8592647967270937] [-1.7371369204040343:1.7301177462772648] [-3.4737188843755975:3.4999566810190386] [-1.800108957055478:1.8039542363835224] [-2.264766472199248:2.2314287125365073] [-1.1000240753975996:1.1869714715092003] none none none none [-2.0135510432171362:2.0394172122759646] [-2.8140683358752931:2.8076968897768371] [-2.8079599257967249:2.8015572558221038] [-7.3289748083172856:7.6522120601913777] [-1.7251657149565325:1.7222643031423126] [-1.7221589721950925:1.7167890015545855] [-7.6984644985461861:9.9608664764410566] [-1.5028808469256181:1.4982040317039231] [-1.4999323358902836:1.4919278712037609] [-9.0314846153848727:9.029829680074057] [-2.264766472199248:2.2314287125365073] [-1.1000240753975996:1.1869714715092003] [-1.8754138684055659:10.611695906192439] [-1.8425765982995514:12.715587338474952] [-1.5554610195171343:10.882861675504111] [-1.892039493265312:85.588979776812181]
tree_sizes=1872 1870 1879 1870 1868 1872 1865 1875 1879 1876 1885 1869 1874 1874 1871 1883 1878 1857 1849 1891 1768 1758 1889 1878 1872 1876 1891 1878 1889 1905 1867 1862 1904 1872 1873 1899 1883 1885 1879 1914 1881 1892 1886 1895 1903 1889 1906 1877 1902 1900

Tree=0
num_leaves=16
num_cat=0
split_feature=1 1 11 11 3 6 1 6 6 11 3 1 6 6 4
split_gain=48438.5 57539 12657.7 5373.75 3709.93 5464.53 2490.95 4757.22 3976.16 337.48 309.927 112.718 303.784 45.1401 28.9001
threshold=-0.29823454956189244 0.29345110804989055 -1.2246440686582483 1.5522003122539147 -0.57754922384881069 0.85547874477892971 -0.43336732034376596 -0.63774551441136029 1.0574487896747051 -1.2817499001673707 -0.92973959753209301 -0.63262453146589792 0.38960757545278873 -0.87264878774522059 -1.6212542333680522
decision_type=2 2 2 2 2 2 2 2 2 2 2 2 2 2 2
left_child=6 2 9 -4 10 -6 11 13 -9 -2 -3 14 -13 -8 -1
right_child=1 4 3 -5 5 -7 7 8 -10 -11 -12 12 -14 -15 -16
leaf_value=-0.15616090835435381 -0.23768155651741085 -0.24518565290026856 0.0049056291214880018 -0.063563606196319636 -0.057168382765956441 -0.23443014827086095 -0.24415943217416869 0.041999623351279644 -0.20698570004831052 -0.15683255693715376 -0.20290253716026158 -0.23967478057676922 -0.13909834244721181 -0.19810135582365129 -0.24511210203078154
leaf_weight=36.673761367797852 2105.1580448150635 8599.2154788970947 107775.00841513276 12826.936617851257 3591.5834079682827 3371.7262738347054 3000.6458628177643 1563.6035159826279 1087.4441857933998 684.06393623352051 2171.1981821358204 1316.5541486144066 389.05820232629776 229.03183063864708 9036.0149295330048
leaf_count=115 8426 34387 232196 28707 8120 13143 11970 2103 3960 2738 7800 5196 1169 813 36132
internal_value=-0.0504907 -0.0314542 -0.00724738 -0.0023766 -0.199885 -0.143001 -0.211756 -0.159406 -0.0601327 -0.217853 -0.236662 -0.240319 -0.216733 -0.240893 -0.244753
internal_weight=157784 141125 123391 120602 17733.7 6963.31 16659 5880.73 2651.05 2789.22 10770.4 10778.3 1705.61 3229.68 9072.69
internal_count=396975 335517 272067 260903 63450 21263 61458 18846 6063 11164 42187 42612 6365 12783 36247
is_linear=0
shrinkage=1


Tree=1
num_leaves=16
num_cat=0
split_feature=1 3 11 11 3 6 1 6 6 11 3 1 6 6 4
split_gain=39751.1 47473.8 10176.7 4339.04 3562.75 5125.77 2686.53 5103.11 5129.63 289.461 265.065 96.1352 255.97 38.3926 24.5166
threshold=-0.28810718171175059 -0.3677781424851338 -1.2246440686582483 1.5522003122539147 -0.57754922384881069 0.85547874477892971 -0.43336732034376596 -0.63774551441136029 1.0574487896747051 -1.2817499001673707 -0.92973959753209301 -0.63262453146589792 0.38960757545278873 -0.87264878774522059 -1.6212542333680522
decision_type=2 2 2 2 2 2 2 2 2 2 2 2 2 2 2
left_child=6 4 9 -4 10 -6 11 13 -9 -3 -2 14 -13 -8 -1
right_child=1 2 3 -5 5 -7 7 8 -10 -11 -12 12 -14 -15 -16
leaf_value=-0.095647240275056611 -0.1778691183439611 -0.17069431275778935 0.051320798852834852 -0.010798216848794524 -0.0043895434807149645 -0.16850605129187834 -0.17935906616649838 0.096623292009492434 -0.15440625711368078 -0.094784237607539443 -0.13855820424162987 -0.1727149862744998 -0.080097960513907482 -0.13810511244370516 -0.1778002693484193
leaf_weight=36.474319308996201 8476.66179728508 2024.2759910821915 106289.3394061476 12574.936180070043 4107.3948197960854 3546.0558174550533 3338.7099192291498 2006.7350613325834 1369.5898944437504 668.13312780857086 2150.3737983703613 1298.6540207862854 387.42915642261505 241.9353569149971 8907.3158626556396
leaf_count=115 34387 8212 228022 28035 9228 13976 13493 2515 5133 2689 7800 5196 1169 873 36132
internal_value=-2.1605e-05 0.017799 0.0403944 0.0447491 -0.13245 -0.0804293 -0.141717 -0.0934051 -0.00520563 -0.151857 -0.169915 -0.173336 -0.151433 -0.176572 -0.177465
internal_weight=157424 139837 121557 118864 18280.5 7653.45 17586.8 6956.97 3376.32 2692.41 10627 10629.9 1686.08 3580.65 8943.79
internal_count=396975 332349 266958 256057 65391 23204 64626 22014 7648 10901 42187 42612 6365 14366 36247
is_linear=0
shrinkage=0.1


Tree=2
num_leaves=16
num_cat=0
split_feature=1 1 11 0 11 6 3 6 6 1 0 4 0 13 1
split_gain=33007.7 38724.9 8550.23 3523.04 2849.1 2867.17 1783.35 3390.43 2611.34 321.894 94.937 61.5167 169.036 30.3219 6.16936
threshold=-0.29823454956189244 0.29345110804989055 -1.2415018317483846 -0.008857846010878424 0.63082262373032261 -0.30698323482826056 0.60474077440076834 -0.63774551441136029 1.0724812364673053 0.42917506527662164 0.014915046055366931 -1.3158193462523473 -0.0085675278005544909 -1.2057638756529017 -0.50925834666782233
decision_type=2 2 2 2 2 2 2 2 2 2 2 2 2 2 2
left_child=6 2 10 -4 9 -6 7 13 -9 -3 -2 12 -8 -1 -13
right_child=1 4 3 -5 5 -7 11 8 -10 -11 -12 14 -14 -15 -16
leaf_value=-0.12881015922114517 -0.12040222357345301 -0.12726952872169681 -0.0050362005839897899 0.045461757077170734 0.0091248657670598282 -0.13063583829564113 -0.15538848742632819 0.059477451490466661 -0.14092504088576926 -0.16531356441228809 -0.16297971515330054 -0.16496366654592379 -0.017213364279332635 -0.16421176920830632 -0.14927923250106084
leaf_weight=262.2857249379158 758.0742771923542 3058.4528363794088 15911.088474407792 104902.10087020695 2613.3206304907799 3348.8323161005974 533.22033144533634 1799.3495527654886 1018.1275568157434 8151.773152127862 1693.7939332723618 8941.6718844026327 106.16342628002167 3119.258027985692 258.02239161729813
leaf_count=999 3115 11282 34391 227501 5666 12553 2155 2791 3920 33949 7060 37306 279 12981 1027
internal_value=-6.14685e-05 0.0154595 0.0350592 0.0388112 -0.125229 -0.0693762 -0.135971 -0.0939605 -0.0129403 -0.154934 -0.149816 -0.162439 -0.132446 -0.161466 -0.164524
internal_weight=156476 140437 123265 120813 17172.4 5962.15 16038.1 6199.02 2817.48 11210.2 2451.87 9839.08 639.384 3381.54 9199.69
internal_count=396975 335517 272067 261892 63450 18219 61458 20691 6711 45231 10175 40767 2434 13980 38333
is_linear=0
shrinkage=0.1


Tree=3
num_leaves=16
num_cat=0
split_feature=1 3 11 11 3 6 1 6 6 0 4 1 6 5 4
split_gain=28088.7 32874.6 7028.18 2979.96 2881.45 4299.69 2359.86 4550.55 5254.82 353.574 236.545 78.9771 224.811 60.9817 23.3779
threshold=-0.2786360347895725 -0.3677781424851338 -1.2104055277563555 1.5522003122539147 -0.67692315298929395 0.85547874477892971 -0.43336732034376596 -0.63774551441136029 1.0574487896747051 0.011918227505726121 1.7180350338654258 -0.63262453146589792 0.38960757545278873 1.5849240506826037 -1.6212542333680522
decision_type=2 2 2 2 2 2 2 2 2 2 2 2 2 2 2
left_child=6 4 9 -4 10 -6 11 13 -9 -3 -2 14 -13 -8 -1
right_child=1 2 3 -5 5 -7 7 8 -10 -11 -12 12 -14 -15 -16
leaf_value=-0.073447064483063124 -0.15258131229580968 -0.062886270318057824 0.043020352603393486 -0.0088239865349839762 -0.004929614690288864 -0.14943742950394168 -0.1594713168324427 0.089525087009757059 -0.14199177545752356 -0.14457829449148127 0.21872533371017355 -0.15136832257855415 -0.063163952872822254 -0.086385038958913973 -0.15509507950737031
leaf_weight=35.217030614614487 9115.5781763494015 713.39096841216087 104849.82452936471 12397.765895932913 4537.9851375967264 3769.1346833854914 3610.5751587599516 2421.0717217773199 1647.5113927423954 2058.846563577652 17.189654424786568 1220.8681438416243 378.55911350250244 117.89132745563984 8304.961773365736
leaf_count=115 39029 2897 224440 27608 10647 15706 15319 3083 6346 8874 9 5196 1169 405 36132
internal_value=-0.000106231 0.0151755 0.0338173 0.0375383 -0.113116 -0.0704962 -0.11854 -0.0773566 -0.00422418 -0.123556 -0.151882 -0.150847 -0.130492 -0.15716 -0.15475
internal_weight=155196 137460 120020 117248 17439.9 8307.12 17736.7 7797.05 4068.58 2772.24 9132.77 9939.61 1599.43 3728.47 8340.18
internal_count=396975 329210 263819 252048 65391 26353 67765 25153 9429 11771 39038 42612 6365 15724 36247
is_linear=0
shrinkage=0.1


Tree=4
num_leaves=16
num_cat=0
split_feature=1 3 0 11 6 6 1 6 6 1 11 3 6 6 5
split_gain=23671 27432.1 5800.18 2977.59 2970.17 2470 2118.91 3912.35 4352.28 373.345 260.986 78.0922 212.283 60.8831 3.51237
threshold=-0.2786360347895725 -0.36166902043281118 0.010272386132100558 0.63082262373032261 0.85547874477892971 -0.93539830063092522 -0.43336732034376596 -0.63774551441136029 1.0574487896747051 0.42917506527662164 -1.2817499001673707 0.91976422205597064 0.75261799194479329 -0.87264878774522059 1.6802403162082227
decision_type=2 2 2 2 2 2 2 2 2 2 2 2 2 2 2
left_child=6 3 5 9 -5 -3 11 13 -9 -2 -4 12 -1 -8 -13
right_child=1 2 10 4 -6 -7 7 8 -10 -11 -12 14 -14 -15 -16
leaf_value=-0.14226420780716742 -0.1081661115807791 0.017949152712774436 -0.14002888834487401 0.0024180292674906988 -0.13870867675535181 0.047236289420173244 -0.15138760865553444 0.08135420255070519 -0.13141707980619896 -0.14743238670878997 -0.06965657715232064 -0.14760638988855382 -0.062026597348914574 -0.099748440895248106 -0.12876417669451856
leaf_weight=1520.563049942255 3582.2574804574251 52054.442094668746 1772.8685770183802 4082.4608962386847 2349.5742181241512 64451.817938417196 3329.8029777258635 2398.9429992139339 1604.2824116796255 7472.37349152565 749.92566947638988 7435.4992149174213 421.02923287451267 245.12476666271687 100.26611402630806
leaf_count=6759 13409 120509 8021 9538 10080 130596 14787 3083 6346 33949 3108 34031 1380 937 442
internal_value=-0.000156006 0.0137209 0.0309026 -0.103232 -0.0491345 0.0341509 -0.11123 -0.0718127 -0.00391335 -0.134708 -0.11911 -0.142748 -0.124865 -0.147847 -0.147356
internal_weight=153571 136516 119029 17486.7 6432.04 116506 17055.5 7578.15 4003.23 11054.6 2522.79 9477.36 1941.59 3574.93 7535.77
internal_count=396975 329210 262234 66976 19618 251105 67765 25153 9429 47358 11129 42612 8139 15724 34473
is_linear=0
shrinkage=0.1


Tree=5
num_leaves=16
num_cat=0
split_feature=3 3 0 11 6 6 1 3 6 11 6 1 11 3 4
split_gain=20119.4 23176.8 4951.08 2516.82 2290.5 4461.11 3843.4 2157.74 2874.25 367.7 354.591 1383.43 249.477 133.364 55.4301
threshold=0.35002553680387399 -0.38072447207820126 0.009713204281913447 1.4779754453973262 0.75261799194479329 1.0558190049766438 -0.63262453146589792 -0.74131236203450834 0.85547874477892971 -1.2817499001673707 -0.63774551441136029 -0.34020106589867644 0.78710328974298782 0.36698109674789392 1.291768388868622
decision_type=2 2 2 2 2 2 2 2 2 2 2 2 2 2 2
left_child=1 7 3 -3 10 6 -6 14 -9 -4 13 -12 -7 -2 -1
right_child=4 2 9 -5 5 12 -8 8 -10 -11 11 -13 -14 -15 -16
leaf_value=-0.14190356193256357 -0.19475765464914568 0.036345474674838632 -0.13342988208009141 -0.0078738552958610136 -0.13813731848189439 -0.14469536862181379 0.11081321331582061 -0.0062581665214254487 -0.13259399056215432 -0.058136135650733438 -0.12952324554744904 0.051109062288187894 -0.084456547490765921 -0.1396365709074002 -0.10804759227455624
leaf_weight=7399.1473480314016 469.97785165905952 101919.82666389644 1709.997214153409 14731.994498699903 886.63878931105137 2720.7143114954233 2063.1991866528988 3927.2376004159451 3325.9045059531927 1044.9408122599125 3081.2200028449297 491.65509308874607 919.98008348047733 6646.2038316428661 517.40392224490643
leaf_count=35394 1910 219820 8138 31948 4267 12333 2432 9669 15176 4332 13902 660 3357 31551 2086
internal_value=-0.000202799 0.0128401 0.0276317 0.030761 -0.101783 -0.0554161 0.0359856 -0.103591 -0.064189 -0.104871 -0.130371 -0.104667 -0.129473 -0.143277 -0.139691
internal_weight=151856 134576 119407 116652 17279.6 6590.53 2949.84 15169.7 7253.14 2754.94 10689.1 3572.88 3640.69 7116.18 7916.55
internal_count=396975 326563 264238 251768 70412 22389 6699 62325 24845 12470 48023 14562 15690 33461 37480
is_linear=0
shrinkage=0.1


Tree=6
num_leaves=16
num_cat=0
split_feature=3 1 11 6 1 6 6 3 6 6 11 4 4 6 15
split_gain=17139.9 18994.9 4570.33 2976.95 1003.43 1909.52 1384.54 948.516 1538.3 96.3373 86.4388 57.6048 42.2698 116.201 16.9946
threshold=0.39355848730767085 0.33959812668930139 -1.2415018317483846 -0.97276495605145807 -0.50925834666782233 -0.19431242823948711 1.0724812364673053 -0.74131236203450834 0.38960757545278873 -0.87264878774522059 -1.3319313117103457 1.291768388868622 -1.6212542333680522 1.0403739852543381 1.6766359490735618
decision_type=2 2 2 2 2 2 2 2 2 2 2 2 2 2 2
left_child=1 2 10 -4 12 9 -7 11 -9 -6 -1 -3 13 -2 -14
right_child=4 7 3 -5 5 6 -8 8 -10 -11 -12 -13 14 -15 -16
leaf_value=-0.13505471414267553 -0.14274205646326718 -0.13624141208879215 0.001713357880850567 0.034781174227571161 -0.13533050065617624 0.063632891677957118 -0.10728177888515544 -0.0046433879512552123 -0.12824047278617245 -0.090956855292049055 -0.093237440944578073 -0.10106205934121229 -0.13499366507006083 0.13020547391371171 -0.10527286056779239
leaf_weight=1470.7450627237558 50.003876864910126 6958.6555138528347 40544.103747799993 82869.764970079064 2421.1276643872261 1256.5713116824627 761.01517672836781 1795.6522900164127 2292.7347005456686 613.17713512480259 744.54338684678078 498.82671494781971 7479.8528003096581 22.668210074305534 197.47207607328892
leaf_count=7388 241 35394 99290 174740 12479 1860 3411 4428 10746 2245 3452 2086 38246 34 935
internal_value=-0.000246178 0.0100812 0.0213623 0.0239177 -0.110907 -0.0762306 -0.000834559 -0.112666 -0.0739556 -0.126363 -0.121 -0.133888 -0.133511 -0.057603 -0.134229
internal_weight=149977 137175 125629 123414 12801.9 5051.89 2017.59 11545.9 4088.39 3034.3 2215.29 7457.48 7750 72.6721 7677.32
internal_count=396975 337524 284870 274030 59451 19995 5271 52654 15174 14724 10840 37480 39456 275 39181
is_linear=0
shrinkage=0.1


Tree=7
num_leaves=16
num_cat=0
split_feature=3 1 11 11 6 11 6 6 1 1 6 3 11 3 11
split_gain=14997.7 17004.4 3442.42 2684.84 2623.85 2072.56 1890.97 2808.95 4495.15 278.002 231.204 929.559 184.726 103.615 90.3826
threshold=0.35002553680387399 0.27924571475614118 -1.2415018317483846 0.63082262373032261 0.85547874477892971 1.5522003122539147 0.32838731359729795 1.0589237248120911 -0.50925834666782233 0.42917506527662164 -0.63774551441136029 0.41869332828477401 0.69984853443706629 0.36698109674789392 -1.3319313117103457
decision_type=2 2 2 2 2 2 2 2 2 2 2 2 2 2 2
left_child=1 2 14 9 -5 -4 10 8 -8 -3 13 -12 -9 -2 -1
right_child=6 3 5 4 -6 -7 7 12 -10 -11 11 -13 -14 -15 -16
leaf_value=-0.12827498660372469 -0.17900149056429809 -0.096042805585736274 0.030832256988034532 0.011433683826854972 -0.12521042004639757 -0.012903176354959864 -0.12462431922975988 -0.13671433284136633 0.096803979505025894 -0.13092441876264785 0.053817405049319325 -0.12278756459459786 -0.083729765548776383 -0.12982435013087268 -0.081783239757242346
leaf_weight=1188.152417242527 461.9373841881752 3607.0568866580725 102434.19552905858 4178.9648633301258 2117.2249683588743 12116.996879130602 1567.5572116822004 2344.0397679656744 2208.4458115249872 6233.089774876833 349.32985264062881 2029.8069570660591 914.80307359993458 5909.3134163171053 645.22867596149445
leaf_count=6420 1910 14133 222003 9750 10268 26942 8404 11748 2637 33949 443 10108 3611 31551 3098
internal_value=-0.000283113 0.0106922 0.0240303 -0.0855097 -0.0345157 0.026206 -0.0924234 -0.053822 0.00488098 -0.118138 -0.123457 -0.0968566 -0.121841 -0.13339 -0.111913
internal_weight=148306 132521 116385 16136.3 6296.19 114551 15785.2 7034.85 3776 9840.15 8750.39 2379.14 3258.84 6371.25 1833.38
internal_count=396975 326563 258463 68100 20018 248945 70412 26400 11041 48082 44012 10551 15359 33461 9518
is_linear=0
shrinkage=0.1


Tree=8
num_leaves=16
num_cat=0
split_feature=3 1 0 6 6 6 1 1 6 11 6 1 11 3 3
split_gain=12827.6 14435.5 3339.35 2716.54 1687.5 2412.95 3829.97 631.73 972.357 276.519 225.862 687.049 181.321 57.5594 19.4967
threshold=0.35002553680387399 0.35882626284166169 0.009713204281913447 1.0255131692931567 0.32838731359729795 1.0589237248120911 -0.50925834666782233 0.65967860619139873 0.38960757545278873 -1.2817499001673707 -0.87264878774522059 -0.40936553674495385 0.69984853443706629 0.36698109674789392 -0.92973959753209301
decision_type=2 2 2 2 2 2 2 2 2 2 2 2 2 2 2
left_child=1 2 3 -1 10 6 -6 8 -3 -4 13 -12 -7 -2 -9
right_child=4 7 9 -5 5 12 -8 14 -10 -11 11 -13 -14 -15 -16
leaf_value=0.03362856074704814 -0.16594804064653668 -0.015050540325351259 -0.1199569401862908 0.0027603545625695912 -0.12026113617408062 -0.13105564942232314 0.089047806182039418 -0.12859747074593533 -0.12300079562946423 -0.053456678348130907 -0.12557056808833433 -0.017172052534487038 -0.077586437380782511 -0.12766676832461357 -0.10146909455584829
leaf_weight=72050.342552512884 427.38742123544216 1538.8736240565777 1551.9135055541992 47177.403733968735 1467.1732362657785 2207.770019620657 2163.1108707487583 5942.4007544219494 1822.7264424562454 1047.2263993471861 2163.3753250390291 801.27737608551979 889.84399870038033 4849.8519626110792 277.28034907579422
leaf_count=148883 1822 4274 8756 114843 8404 11748 2637 34387 9594 4479 12343 1982 3611 27865 1347
internal_value=-0.000316634 0.0096749 0.0189698 0.0214143 -0.0880246 -0.0508635 0.00445595 -0.108511 -0.0735833 -0.0931631 -0.118359 -0.0962729 -0.115696 -0.130767 -0.127388
internal_weight=146378 131408 121827 119228 14969.8 6727.9 3630.28 9581.28 3361.6 2599.14 8241.89 2964.65 3097.61 5277.24 6219.68
internal_count=396975 326563 276961 263726 70412 26400 11041 49602 13868 13235 44012 14325 15359 29687 35734
is_linear=0
shrinkage=0.1


Tree=9
num_leaves=16
num_cat=0
split_feature=3 1 6 6 11 0 11 1 6 6 3 2 4 6 15
split_gain=11089.3 12119.6 3033.13 4899.37 2667.09 2799.03 1757.85 522.616 906.307 562.062 438.519 214.093 47.6593 103.701 20.0367
threshold=0.41869332828477401 0.26741542847549021 0.85547874477892971 -0.97148249747079962 -0.40167315636659301 -0.008857846010878424 -1.2415018317483846 -0.50925834666782233 0.32838731359729795 1.0724812364673053 -0.3677781424851338 1.7016594420253603 -1.6212542333680522 1.0403739852543381 1.6766359490735618
decision_type=2 2 2 2 2 2 2 2 2 2 2 2 2 2 2
left_child=1 4 3 -3 6 -6 -1 12 11 -10 -4 -9 13 -2 -14
right_child=7 2 10 -5 5 -7 -8 8 9 -11 -12 -13 14 -15 -16
leaf_value=-0.10402291967122235 -0.1289168902635266 -0.13045109618773607 -0.12138592306601924 0.0080916325910709973 -0.010512681151828636 0.036472409178917385 -0.00013603183776140983 -0.11346019192538737 0.060607133194448139 -0.086091147017158087 -0.20746184463923378 0.12870262413184066 -0.12304064875000831 0.13856405647529693 -0.087693775375127125
leaf_weight=1715.7549712955952 41.343783468008041 3991.4191882908344 5067.3438661694527 7080.7045461982489 15539.47894923389 68879.850969672203 32128.179342925549 2131.5531142801046 658.44010125100613 432.88375519216061 670.14097717404366 37.144192427396774 6073.7198987752199 22.318688064813614 164.71990647912025
leaf_count=10000 241 17535 28879 23665 34135 114079 111122 12138 898 2230 2727 111 38246 34 935
internal_value=-0.000345304 0.00702199 -0.0724302 -0.041852 0.0183151 0.0278236 -0.00540269 -0.104414 -0.0719097 0.0024179 -0.13144 -0.109313 -0.121229 -0.0351438 -0.122107
internal_weight=144635 135073 16809.6 11072.1 118263 84419.3 33843.9 9562.12 3260.02 1091.32 5737.48 2168.7 6302.1 63.6625 6238.44
internal_count=396975 342142 72806 41200 269336 148214 121122 54833 15377 3128 31606 12249 39456 275 39181
is_linear=0
shrinkage=0.1


Tree=10
num_leaves=16
num_cat=0
split_feature=3 1 0 0 1 6 1 6 3 6 4 3 5 11 1
split_gain=9811.36 11127.4 2512.32 2744.07 1800.61 1497.56 2544.18 2759.96 696.814 888.749 73.4094 57.5955 41.1948 5.19246 3.92656
threshold=0.35002553680387399 0.35882626284166169 -0.0049768648311517239 -0.0087188219571649548 0.26741542847549021 -0.63774551441136029 -0.50925834666782233 1.0724812364673053 -0.92973959753209301 0.38960757545278873 -1.3158193462523473 0.36698109674789392 1.5849240506826037 0.91481029948453674 -0.2786360347895725
decision_type=2 2 2 2 2 2 2 2 2 2 2 2 2 2 2
left_child=1 2 3 -1 -4 11 10 -8 13 -10 -7 14 -13 -3 -2
right_child=5 8 4 -5 -6 6 7 -9 9 -11 -12 12 -14 -15 -16
leaf_value=-0.0046630055145708343 -0.14667250398714426 -0.12267538921385859 0.0026192885783450914 0.039274097618987244 -0.086250490031386212 -0.063310963484428898 0.049206366736548823 -0.11741620655312911 -0.013557843391775008 -0.11601861975411845 -0.11997198010968534 -0.12141301638601149 -0.071240452710544008 -0.13336103262035187 -0.16595561521157465
leaf_weight=19332.265947133303 183.65192350745201 4813.8245180845261 45430.82343788445 53695.680108577013 2400.3345578163862 244.85516318678856 3080.533993139863 1467.7706863135099 1665.1099862605333 1722.1392135173082 3456.2331774383783 4701.914373010397 169.54883494973183 502.18993027508259 248.46282315254211
leaf_count=40880 863 31643 143949 82430 9702 1319 5223 7004 4965 10250 23405 30600 951 2744 1047
internal_value=-0.000358108 0.00811025 0.0159745 0.0276429 -0.00184051 -0.0813131 -0.0546599 -0.00456394 -0.101098 -0.0656508 -0.116223 -0.12277 -0.119667 -0.123685 -0.15776
internal_weight=143115 129562 120859 73027.9 47831.2 13553 8249.39 4548.3 8703.26 3387.25 3701.09 5303.58 4871.46 5316.01 432.115
internal_count=396975 326563 276961 123310 153651 70412 36951 12227 49602 15215 24724 33461 31551 34387 1910
is_linear=0
shrinkage=0.1


Tree=11
num_leaves=16
num_cat=0
split_feature=1 1 6 1 6 1 6 1 6 6 2 4 6 4 5
split_gain=8475.36 9186.94 2884.13 29876.7 8070.06 694.796 826.308 338.493 544.629 382.93 193.836 28.9313 90.2425 27.0391 4.91327
threshold=-0.34020106589867644 0.35882626284166169 -0.97276495605145807 -0.021314825027864942 1.0255131692931567 0.65967860619139873 0.38960757545278873 -0.63262453146589792 0.32838731359729795 1.0697386841666889 1.7016594420253603 -1.6212542333680522 1.1626772412497715 1.291768388868622 1.6802403162082227
decision_type=2 2 2 2 2 2 2 2 2 2 2 2 2 2 2
left_child=7 2 3 -2 -4 6 -3 11 10 -10 -9 12 -1 -7 -13
right_child=1 5 4 -5 -6 13 -8 8 9 -11 -12 14 -14 -15 -16
leaf_value=-0.12932256382146629 -0.17905614493690203 -0.0067686822778438337 0.060524297090464432 0.033240837142223492 -0.0025853711853150228 -0.12126016174444594 -0.11135444086838919 -0.10882243982110813 0.041606059716246258 -0.090349298211981247 0.11789569578350322 -0.1187201778001471 0.27913766669226403 -0.091493033306839416 -0.091257619284074443
leaf_weight=19.148595288395885 8296.4339247196913 1512.2193135917187 33931.179125063121 32981.844528123736 50297.393439933658 4839.963279619813 1509.5215591043234 1919.0509467571974 551.71984764933586 365.68567217886448 38.466254025697708 4815.0262754559517 7.5382814407348624 325.68822836875916 66.03967872262001
leaf_count=114 34068 4274 59802 73439 128079 34026 9594 12560 999 2062 117 35671 1 1708 461
internal_value=-0.000374658 0.00553067 0.0122259 -0.00942828 0.0228381 -0.097103 -0.0590149 -0.101819 -0.0745708 -0.0109925 -0.104367 -0.117781 -0.0139442 -0.119383 -0.118349
internal_weight=141477 133694 125507 41278.3 84228.6 8187.39 3021.74 7782.68 2874.92 917.406 1957.52 4907.75 26.6869 5165.65 4881.07
internal_count=396975 344990 295388 107507 187881 49602 13868 51985 15738 3061 12677 36247 115 35734 36132
is_linear=0
shrinkage=0.1


Tree=12
num_leaves=16
num_cat=0
split_feature=1 3 6 6 6 3 3 1 1 6 6 2 4 6 5
split_gain=7397.26 7962.79 3184.88 5178.07 2524.08 38281.5 11020.9 420.865 341.521 488.232 324.784 166.848 26.9498 72.1201 5.09162
threshold=-0.34020106589867644 -0.33696523067124357 0.85547874477892971 -0.97148249747079962 -0.93539830063092522 0.013489074354973757 -0.01807477173756086 0.28840572660538827 -0.63262453146589792 0.32838731359729795 1.0697386841666889 1.7016594420253603 -1.6212542333680522 1.1626772412497715 1.6802403162082227
decision_type=2 2 2 2 2 2 2 2 2 2 2 2 2 2 2
left_child=8 2 3 -2 5 -3 -6 -4 12 11 -11 -10 13 -1 -14
right_child=1 4 7 -5 6 -7 -8 -9 9 10 -12 -13 14 -15 -16
leaf_value=-0.12588218006162508 -0.12356178578369006 0.04332899738167801 -0.19072029081561975 0.020155107812619737 -0.045841436060831083 -0.1655511711329099 0.050163124246528114 -0.11348977655152225 -0.10477483390712372 0.03768851533816539 -0.085933946005880862 0.10023465727904962 -0.11653412269325658 0.23550613569055334 -0.087691328146058622
leaf_weight=17.775309801101685 3877.7816719189286 39946.655557885766 845.98187106847763 7091.9207641631365 15740.297886103392 11243.485742047429 49751.597731664777 4252.5305860042572 1800.0649705976248 548.34527038037777 347.00951805710793 40.593612536787987 4434.3304586485028 8.0108175277709979 62.060818552970886
leaf_count=114 18249 83886 3478 24390 40372 45929 99966 28720 12560 999 2062 117 35671 1 461
internal_value=-0.000377035 0.00499767 -0.0610007 -0.0306487 0.0140863 -0.00254978 0.0270894 -0.126304 -0.0986789 -0.0707914 -0.0102234 -0.100254 -0.115551 -0.0136119 -0.116136
internal_weight=140008 132750 16068.2 10969.7 116682 51190.1 65491.9 5098.51 7258.19 2736.01 895.355 1840.66 4522.18 25.7861 4496.39
internal_count=396975 344990 74837 42639 270153 129815 140338 32198 51985 15738 3061 12677 36247 115 36132
is_linear=0
shrinkage=0.1


Tree=13
num_leaves=16
num_cat=0
split_feature=3 1 6 1 3 6 6 11 3 6 6 4 12 26 11
split_gain=6770.61 7411.45 2400.16 35321.9 11216.4 1542.62 3134.33 342.808 248.796 368.245 336.479 168.264 4.34515 52.1995 3.88976
threshold=-0.57754922384881069 -0.26634853423474031 1.0115576797950852 0.020783214218794203 0.013489074354973757 0.75261799194479329 1.0589237248120911 0.64824735559009072 -0.92973959753209301 -0.47250788527598819 -1.0229562896525433 1.6852142687197016 1.2237913480047713 -1.1505845842939573 0.63082262373032261
decision_type=2 2 2 2 2 2 2 2 2 2 2 2 2 2 2
left_child=8 5 4 -4 -3 7 -7 -2 12 10 -10 -11 14 -14 -1
right_child=1 2 3 -5 -6 6 -8 -9 9 11 -12 -13 13 -15 -16
leaf_value=-0.11710246550668638 -0.11893962024068271 0.045310150790038528 0.040356472337583049 -0.16600936179186065 -0.047242173414389257 0.044575772341045081 -0.10648247720768729 -0.072783590545972304 -0.12673204337741262 -0.11319064342533375 0.059613893757825921 0.096171231826883558 0.060029772871580372 -0.11866481155218128 -0.12533824562607479
leaf_weight=3483.4058718159795 4226.0979374572635 55138.048498444259 37311.541663765907 10664.80614707619 17172.360430732369 2775.6897737979889 2719.2326444536448 2598.5805703029037 138.35943348705769 936.44833370298147 323.36294996738434 40.028927654027939 17.819254077970982 197.88450995832682 686.49017471075058
leaf_count=28307 33423 111268 79444 45600 45968 7588 16056 15441 691 6102 888 119 92 1548 4440
internal_value=-0.00037582 0.00425886 0.0118247 -0.00551721 0.0233307 -0.0696132 -0.0301773 -0.101365 -0.105906 -0.0698131 0.00377359 -0.104608 -0.117742 -0.103903 -0.118458
internal_weight=138430 132606 120287 47976.3 72310.4 12319.6 5494.92 6824.68 5823.8 1438.2 461.722 976.477 4385.6 215.704 4169.9
internal_count=396975 354788 282280 125044 157236 72508 23644 48864 42187 7800 1579 6221 34387 1640 32747
is_linear=0
shrinkage=0.1


Tree=14
num_leaves=16
num_cat=0
split_feature=3 1 11 6 6 1 11 3 6 6 4 5 12 3 11
split_gain=5936.43 6276.63 2339.45 2310.76 1506.69 1979.87 1445.97 253.673 331.36 286.207 147.204 77.2592 4.48568 51.506 2.73327
threshold=-0.57754922384881069 -0.26634853423474031 -0.40167315636659301 1.0115576797950852 -0.63774551441136029 -0.50925834666782233 -1.2598110017775326 -0.92973959753209301 -0.47250788527598819 -1.03132795756956 1.6852142687197016 1.5849240506826037 1.2237913480047713 -1.0530105783793802 0.63082262373032261
decision_type=2 2 2 2 2 2 2 2 2 2 2 2 2 2 2
left_child=7 4 6 -4 11 -6 -3 12 9 -9 -10 -2 14 -14 -1
right_child=1 2 3 -5 5 -7 -8 8 10 -11 -12 -13 13 -15 -16
leaf_value=-0.11522024715908358 -0.11705162579394104 -0.10696228601721441 0.03249828318213567 -0.0012547219627893475 -0.10695697867167164 -0.0010028264614937996 -0.0070636344646921468 -0.13586281586056059 -0.10944407444501136 0.047923066654614196 0.083438200520234956 -0.044558326431084323 -0.11657327054483058 0.064574469892214853 -0.1224009870380337
leaf_weight=3200.7532070875168 3989.3589053079486 1516.8317134082317 52698.231596976519 32974.345035582781 2768.4498914852738 4858.8762260228395 32354.158702969551 111.94003297388554 874.84784290194511 348.63282466679811 41.441567271947861 152.63748049736023 183.37021012604237 17.165421783924103 635.29585982859135
leaf_count=28307 33244 9859 87708 70213 24724 13528 114500 605 6102 974 119 1012 1558 82 4440
internal_value=-0.000379614 0.00385116 0.0107111 0.0195072 -0.0658271 -0.0394604 -0.0115374 -0.103005 -0.0659398 0.00325479 -0.10072 -0.11438 -0.115647 -0.101067 -0.116409
internal_weight=136726 131313 119544 85672.6 11769.3 7627.33 33871 5413.45 1376.86 460.573 916.289 4142 4036.58 200.536 3836.05
internal_count=396975 354788 282280 157921 72508 38252 124359 42187 7800 1579 6221 34256 34387 1640 32747
is_linear=0
shrinkage=0.1


Tree=15
num_leaves=16
num_cat=0
split_feature=3 1 6 1 6 1 6 3 6 12 4 4 12 26 11
split_gain=5211.71 5457.33 2439.03 20401.6 7325.71 373.256 398.364 257.817 298.304 258.454 129.561 30.7904 4.62643 48.6307 1.93257
threshold=-0.57754922384881069 -0.34020106589867644 -0.96415905854445161 -0.035370251883554693 1.0115576797950852 -0.63262453146589792 0.32838731359729795 -0.92973959753209301 -0.47250788527598819 0.97681719077624585 1.6852142687197016 -1.6212542333680522 1.2237913480047713 -1.1505845842939573 0.63082262373032261
decision_type=2 2 2 2 2 2 2 2 2 2 2 2 2 2 2
left_child=7 5 3 -3 -4 11 -7 12 9 -9 -10 -2 14 -14 -1
right_child=1 2 4 -5 -6 6 -8 8 10 -11 -12 -13 13 -15 -16
leaf_value=-0.11357003162584559 0.0056392285378009006 -0.15654756991652233 0.05798122142568677 0.020609725338486377 -0.0047493709422967347 -0.089838389514374062 -0.0040586980970643239 -0.051366565719614371 -0.10595003267942414 0.10682270158101462 0.072945133163912101 -0.11132069308903954 0.058773937410736402 -0.1150546846042436 -0.11985799213454272
leaf_weight=2936.0793318897486 22.651776477694511 7902.6838653162122 29485.212958112359 36636.654783964157 50501.597804360092 1523.7290393486619 839.76689592003822 301.61390643566847 816.36086758971214 157.06934640556574 42.595901101827621 3552.0361943840981 17.794649437069893 168.41439604759216 586.40527585893869
leaf_count=28307 115 34774 51245 83197 133587 12677 3061 1214 6102 365 119 36132 92 1548 4440
internal_value=-0.00038445 0.00346515 0.00793137 -0.0108236 0.0183748 -0.0901934 -0.0593603 -0.100305 -0.0623088 0.00280303 -0.0970786 -0.11058 -0.113805 -0.0984431 -0.114617
internal_weight=135491 130464 124526 44539.3 79986.8 5938.18 2363.5 5026.33 1317.64 458.683 858.957 3574.69 3708.69 186.209 3522.48
internal_count=396975 354788 302803 117971 184832 51985 15738 42187 7800 1579 6221 36247 34387 1640 32747
is_linear=0
shrinkage=0.1


Tree=16
num_leaves=16
num_cat=0
split_feature=3 1 0 0 1 1 6 3 6 6 4 4 12 3 11
split_gain=4578.78 4732.61 2373.15 3516.62 1825.94 383.199 393.575 262.677 269.44 239.482 114.587 29.8118 4.8135 47.8571 1.37378
threshold=-0.57754922384881069 -0.34020106589867644 -0.0072865047160277077 -0.0086690258054223628 0.26741542847549021 -0.63262453146589792 -0.87264878774522059 -0.92973959753209301 -0.47250788527598819 -1.03132795756956 1.6852142687197016 -1.6212542333680522 1.2237913480047713 -1.0530105783793802 0.63082262373032261
decision_type=2 2 2 2 2 2 2 2 2 2 2 2 2 2 2
left_child=7 5 3 -3 -4 11 -7 12 9 -9 -10 -2 14 -14 -1
right_child=1 2 4 -5 -6 6 -8 8 10 -11 -12 -13 13 -15 -16
leaf_value=-0.11211817706589114 0.0050605334358185339 -0.0078317544936262057 -0.00075680139696182689 0.044655411970487606 -0.068896809861725555 -0.11046626362894663 -0.024101297333991925 -0.13114487901328747 -0.10265421533373864 0.041540144119554034 0.064141581967128755 -0.10990135882907151 -0.11341384101739638 0.062288185016422075 -0.11764497493025811
leaf_weight=2689.3094875141978 22.714413270354271 21576.007608428597 66884.685807064176 31258.017265789211 4178.3018127307296 831.79874546825886 1443.0934299379587 103.82672484964132 761.17544593662024 354.54969438910484 43.543581292033195 3253.3975837826729 155.65375009924173 17.216875895857811 540.06762438267469
leaf_count=28307 115 48429 191932 44615 17827 8974 6764 605 6102 974 119 36132 1558 82 4440
internal_value=-0.000384773 0.00312301 0.00717024 0.0232211 -0.00476324 -0.0872102 -0.0556801 -0.0977143 -0.0587709 0.0024253 -0.0936288 -0.109104 -0.112172 -0.095915 -0.113042
internal_weight=134113 129448 123897 52834 71063 5551 2274.89 4665.34 1263.1 458.376 804.719 3276.11 3402.25 172.871 3229.38
internal_count=396975 354788 302803 93044 209759 51985 15738 42187 7800 1579 6221 36247 34387 1640 32747
is_linear=0
shrinkage=0.1


Tree=17
num_leaves=16
num_cat=0
split_feature=3 1 6 1 3 3 6 4 15 0 2 4 12 5 11
split_gain=4030.21 4116.2 2062.4 23436.7 9098.02 197.894 200.531 100.411 218.426 214.165 93.7327 69.3991 73.3683 7.85902 2.15458
threshold=-0.74131236203450834 -0.38822992586122756 -0.94279089686752904 -0.021314825027864942 -0.01807477173756086 0.91976422205597064 -0.12831186745615211 1.291768388868622 1.0279720346837096 -0.008618478472285614 1.7016594420253603 -1.6702010588347231 -1.2135540966895551 1.6802403162082227 0.63082262373032261
decision_type=2 2 2 2 2 2 2 2 2 2 2 2 2 2 2
left_child=7 5 3 -3 -4 6 -2 11 10 -10 -9 12 -1 -7 -13
right_child=1 2 4 -5 -6 13 -8 8 9 -11 -12 14 -14 -15 -16
leaf_value=0.34988661883040723 -0.098451579306301107 -0.14598065076185915 -0.037227103616493465 0.022710692535027152 0.040547569800301352 -0.10996921527333514 -0.023604228204519597 -0.11982901957218423 -0.061297915496593691 0.2434811246998968 0.20653802691385015 -0.1105005505762795 -0.12527885804641392 -0.066368089256970186 -0.11772137274008539
leaf_weight=6.7115646451711655 773.13791235536337 10137.287416182458 21580.856866627932 43909.836953610182 49631.329984821379 2792.9461274370551 666.56987425684929 207.97914525866508 50.762510865926743 42.241227373480797 9.1887048780918104 2742.5462276414037 6.2995546460151655 41.96135538816452 486.5340553894639
leaf_count=2 7827 47162 65687 97807 103105 34031 3434 1676 344 54 12 31117 48 442 4227
internal_value=-0.000375558 0.0025062 0.00579927 -0.00892971 0.016978 -0.0939906 -0.063798 -0.10546 -0.0511034 0.0771292 -0.10602 -0.11066 0.119827 -0.109324 -0.111589
internal_weight=133086 129534 125259 54047.1 71212.2 4274.62 1439.71 3552.26 310.172 93.0037 217.168 3242.09 13.0111 2834.91 3229.08
internal_count=396975 359495 313761 144969 168792 45734 11261 37480 2086 398 1688 35394 50 34473 35344
is_linear=0
shrinkage=0.1


Tree=18
num_leaves=16
num_cat=0
split_feature=3 3 11 6 6 6 11 4 15 6 5 2 4 5 5
split_gain=3581.26 3638.39 1833.26 1698.65 1357.98 2091.68 284.103 98.7671 188.567 157.832 89.7268 79.1878 60.8065 47.3922 1.65643
threshold=-0.74131236203450834 0.34079008508943626 -1.1869983602189242 1.0115576797950852 -0.63774551441136029 1.0724812364673053 -1.3056682072347485 1.291768388868622 1.0279720346837096 -0.47250788527598819 1.5849240506826037 1.7016594420253603 -1.6702010588347231 1.5577305619707678 -1.7383542249651491
decision_type=2 2 2 2 2 2 2 2 2 2 2 2 2 2 2
left_child=7 2 6 -4 10 -6 -2 12 11 -10 -3 -9 13 -1 -14
right_child=1 4 3 -5 5 -7 -8 8 9 -11 -12 -13 14 -15 -16
leaf_value=-0.12294922923591103 -0.11298586343793018 -0.11228152646665282 0.01896324535998551 -0.0058270696314314599 0.0051596384900349599 -0.11335329078721267 -0.046768817424015043 -0.11769501537205727 0.157171668266811 -0.11815525452879259 -0.026503735546128455 0.1741457559221268 -0.092161674309603814 0.2587662822399891 -0.11057769342304698
leaf_weight=5.5005207657814008 1130.5947608500719 3070.8132541961968 69555.330586180091 45866.673596248031 4965.8258830606937 2127.1711479797959 1517.7766738757491 191.42366828024387 63.950348936021328 30.871968753635883 126.99036691337824 9.7721336930990201 49.675740428268909 7.9587416499853134 2905.3064764589071
leaf_count=45 8299 33570 151117 119503 24202 14715 7069 1676 132 266 1020 12 571 5 34773
internal_value=-0.000376386 0.0022541 0.00722451 0.00911201 -0.0547733 -0.0303821 -0.075037 -0.103809 -0.0487279 0.0675315 -0.108875 -0.10352 -0.109302 0.102767 -0.110268
internal_weight=131626 128361 118070 115422 10290.8 7093 2648.37 3264.46 296.018 94.8223 3197.8 201.196 2968.44 13.4593 2954.98
internal_count=396975 359495 285988 270620 73507 38917 15368 37480 2086 398 34590 1688 35394 50 35344
is_linear=0
shrinkage=0.1


Tree=19
num_leaves=16
num_cat=0
split_feature=3 1 6 6 6 1 6 3 6 3 11 3 6 13 5
split_gain=3256.52 3583.29 2918.39 6792.65 2265.98 21231.9 7719.25 1885.72 763.042 581.514 193.146 163.327 231.711 85.3945 8.14943
threshold=-0.33270451716124444 -0.40936553674495385 -0.98040585351241805 -0.63774551441136029 -0.93539830063092522 -0.021314825027864942 1.0115576797950852 -0.67692315298929395 0.85547874477892971 -0.41273870297799775 0.42633566265367356 0.91976422205597064 0.32838731359729795 -1.6747737593296388 1.6802403162082227
decision_type=2 2 2 2 2 2 2 2 2 2 2 2 2 2 2
left_child=2 11 9 7 5 -3 -6 -4 -5 10 -1 12 -2 -11 -13
right_child=1 4 3 8 6 -7 -8 -9 -10 13 -12 14 -14 -15 -16
leaf_value=-0.11911194657330393 -0.098301323408837737 -0.13805734887258006 -0.10143091474146904 -0.042528697868092206 0.078562950438717194 0.025393403567929712 -0.00012149447058450071 0.10022999644868205 -0.1148525772716078 -0.05164558521282208 -0.04710864321241507 -0.10851050061256691 -0.0045324788238056231 -0.17170103359349334 -0.062704809422472738
leaf_weight=739.46049713343382 672.20920811593533 9995.8531832545996 528.26652175933123 2338.2820936962962 16882.206023603678 38776.295893669128 47684.33286434412 3793.5596412792802 3878.2603440061212 61.367751583456993 750.80952061712742 2432.1685870289803 433.46179760247469 1714.3975260108709 39.471164010465145
leaf_count=7451 7634 49112 5717 15329 24179 84817 118289 5193 32610 163 3093 34031 2051 6864 442
internal_value=-0.000370705 0.00505277 -0.0463046 -0.0207078 0.008163 -0.00810583 0.0204521 0.0755805 -0.0876488 -0.128897 -0.0828361 -0.0934877 -0.0615406 -0.167552 -0.107779
internal_weight=130720 116916 13804.4 10538.4 113339 48772.1 64566.5 4321.83 6216.54 3266.04 1490.27 3577.31 1105.67 1775.77 2471.64
internal_count=396975 320555 76420 58849 276397 133929 142468 10910 47939 17571 10544 44158 9685 7027 34473
is_linear=0
shrinkage=0.1


Tree=20
num_leaves=15
num_cat=0
split_feature=3 3 0 0 3 3 6 4 15 0 2 4 5 5
split_gain=2897.19 2954.92 2001.57 2831.32 1387.78 159.226 202.137 104.733 170.225 139.085 72.2875 56.7193 8.52653 1.89714
threshold=-0.74131236203450834 0.53153837686041239 -0.0072865047160277077 -0.0086440993765594335 -0.3461277420168955 0.91976422205597064 0.38960757545278873 1.291768388868622 1.0279720346837096 -0.008618478472285614 1.7016594420253603 -1.6702010588347231 1.6802403162082227 -1.7383542249651491
decision_type=2 2 2 2 2 2 2 2 2 2 2 2 2 2
left_child=7 2 3 -2 -4 6 -3 11 10 -10 -9 -1 -7 -13
right_child=1 5 4 -5 -6 12 -8 8 9 -11 -12 13 -14 -15
leaf_value=0.099341665740662596 -0.0078725166186820773 -0.09526886296634994 -0.064288869396595408 0.039047095246665692 -0.0032570190435849224 -0.10763703261176305 -0.0036554727996367907 -0.11494402552548666 -0.054446702863012703 0.19029641491646068 0.16186589297440895 -0.087552221194723112 -0.059555861932894041 -0.10872318273289008
leaf_weight=13.216609336435793 22369.696267567575 608.59737545251846 3947.1518568098545 30256.931409236044 66406.336687028408 2217.6620463728905 398.56121874600649 166.87575685232878 46.452087111771107 46.427367195487022 9.9993820488452894 43.063563227653503 37.506428897380829 2474.953185480088
leaf_count=50 52952 7440 19237 46399 197102 34031 1892 1676 344 54 12 571 442 34773
internal_value=-0.000371022 0.00186087 0.00435269 0.0191032 -0.00668118 -0.0920734 -0.0590148 -0.100964 -0.0417306 0.0678923 -0.099295 -0.107277 -0.106837 -0.108361
internal_weight=129043 126242 122980 52626.6 70353.5 3262.33 1007.16 2800.99 269.755 92.8795 176.875 2531.23 2255.17 2518.02
internal_count=396975 359495 315690 99351 216339 43805 9332 37480 2086 398 1688 35394 34473 35344
is_linear=0
shrinkage=0.1


Tree=21
num_leaves=15
num_cat=0
split_feature=3 3 11 6 11 4 0 4 15 6 2 4 23 5
split_gain=2581.86 2601.8 1758.95 1378.08 1017.09 126.16 223.681 101.479 148.064 115.154 62.5348 50.9678 9.90926 2.0199
threshold=-0.74131236203450834 0.60474077440076834 -0.6778509315942044 1.0711975770250708 -1.2817499001673707 -1.3158193462523473 -0.0085675278005544909 1.291768388868622 1.0279720346837096 -0.47250788527598819 1.7016594420253603 -1.6702010588347231 -0.79607138850158743 -1.7383542249651491
decision_type=2 2 2 2 2 2 2 2 2 2 2 2 2 2
left_child=7 2 4 -4 -2 6 -3 11 10 -10 -9 -1 -7 -13
right_child=1 5 3 -5 -6 12 -8 8 9 -11 -12 13 -14 -15
leaf_value=0.085979443931817445 -0.10763536920644659 -0.081831222015191551 0.016752627001706984 -0.010085398464576312 -0.015544046969043462 -0.089713904313066917 0.14363252716504887 -0.11338764226827831 0.13073397457309544 -0.11569974575099458 0.14116291877680837 -0.085105716314615165 -0.10644002361565195 -0.10776743708482235
leaf_weight=13.71456181257963 1265.2861224934459 182.4500026665628 72860.291105885059 25945.646943695843 22990.499369770288 431.86956794559956 57.987314656376839 152.96161350607872 66.682504191994667 26.49603858590126 10.300962969660757 40.028936851769686 1969.5335550121963 2258.2759906314313
leaf_count=50 10417 2155 152080 62620 93611 6763 279 1676 132 266 12 571 31570 34773
internal_value=-0.00035427 0.00167371 0.00378163 0.00970518 -0.0203479 -0.0965172 -0.0274551 -0.0996059 -0.0399225 0.0606586 -0.0973269 -0.106226 -0.103432 -0.107373
internal_weight=128272 125704 123062 98805.9 24255.8 2641.84 240.437 2568.46 256.441 93.1785 163.263 2312.02 2401.4 2298.3
internal_count=396975 359495 318728 214700 104028 40767 2434 37480 2086 398 1688 35394 38333 35344
is_linear=0
shrinkage=0.1


Tree=22
num_leaves=16
num_cat=0
split_feature=1 6 6 3 3 6 1 3 6 6 6 3 6 5 13
split_gain=2303.87 2812.03 6107.33 2549.45 2027.16 1724.13 16615.5 7677.55 1191.69 1869.96 564.573 493.907 187.792 96.5944 66.4574
threshold=0.25747291638876496 -0.98040585351241805 -0.30698323482826056 0.34079008508943626 -0.67692315298929395 -0.93539830063092522 -0.035370251883554693 -0.01807477173756086 -0.63774551441136029 1.0724812364673053 1.0115576797950852 -0.41273870297799775 -1.0229562896525433 1.5849240506826037 -1.6747737593296388
decision_type=2 2 2 2 2 2 2 2 2 2 2 2 2 2 2
left_child=3 11 4 5 -3 6 -1 -7 13 -10 -4 12 -2 -5 -13
right_child=1 2 10 8 -6 7 -8 -9 9 -11 -12 14 -14 -15 -16
leaf_value=-0.14135026537149462 -0.10626266986981731 -0.094459644370527118 -0.047799988757566553 -0.10863275822100432 0.092700243918078351 -0.041489336077470365 0.02062086389731763 0.041065191183085659 0.010656793616429197 -0.10740559459631496 -0.11564505964563317 -0.055548777479372952 -0.029662463718741296 -0.013451684951871249 -0.15999353508027722
leaf_weight=7571.2271055206656 819.59511974081397 671.97279432043433 1995.4281953275204 2449.9750228524208 4169.8293297216296 15147.080900520086 38738.628475934267 43957.599358618259 4581.0508040487766 1897.1318633817136 3183.1627276912332 63.121629923582077 525.09743707627058 111.47435155138373 1747.7992744967341
leaf_count=31349 6653 8854 15336 33570 5821 39457 86284 88905 24202 14715 29568 173 3891 1020 7177
internal_value=-0.000340954 -0.0399392 -0.0140143 0.00421761 0.0667251 0.00858813 -0.0058599 0.0199085 -0.0467486 -0.0239177 -0.0895028 -0.122262 -0.0763506 -0.10449 -0.156353
internal_weight=127630 13176 10020.4 114454 4841.8 105415 46309.9 59104.7 9039.63 6478.18 5178.59 3155.61 1344.69 2561.45 1810.92
internal_count=396975 77473 59579 319502 14675 245995 117633 128362 73507 38917 44904 17894 10544 34590 7350
is_linear=0
shrinkage=0.1


Tree=23
num_leaves=16
num_cat=0
split_feature=3 3 0 0 11 4 0 23 12 26 13 11 4 6 6
split_gain=2110.37 2164.09 1593.81 1390.68 1046.47 128.98 196.189 10.9404 5.9919 41.5671 40.8351 0.268157 0.13252 0.129379 0.0703725
threshold=-0.92973959753209301 0.60474077440076834 -0.0049768648311517239 -0.0088361727420370913 -1.2598110017775326 -1.3158193462523473 -0.0082363064234670224 -0.79607138850158743 1.2237913480047713 -1.1505845842939573 0.17272397968546013 0.63082262373032261 1.291768388868622 0.85547874477892971 0.85547874477892971
decision_type=2 2 2 2 2 2 2 2 2 2 2 2 2 2 2
left_child=8 2 3 -2 -4 6 -3 -7 11 10 -10 14 -11 -13 -1
right_child=1 5 4 -5 -6 7 -8 -9 9 12 -12 13 -14 -15 -16
leaf_value=-0.10643488721900472 -0.012166063156593632 -0.046538158038441878 -0.098790953433478046 0.019890433040672853 -0.0087132406562767488 -0.086574254487517113 0.33652408196949363 -0.10521427078006794 -0.11013026170619995 -0.10653402197590611 0.22198296598025818 -0.11022780085268453 -0.11919504347843637 -0.10512090255820483 -0.10488429451755402
leaf_weight=1068.4106274396181 17788.658585801721 212.44148489832878 1326.7846143357456 56569.123830858618 46159.785788103938 385.27626327797771 14.268118143081663 1723.2534028217196 6.7371521666645977 79.456913858652115 8.2183955237269402 252.96601921319962 9.2269055806100351 61.709429737180471 403.12536058574915
leaf_count=19222 45566 2395 11538 107003 157714 6763 39 31570 89 1464 3 3102 84 1338 9085
internal_value=-0.000341962 0.00125415 0.00308172 0.0122215 -0.01123 -0.0941021 -0.0224299 -0.101808 -0.10522 -0.0818443 0.0723731 -0.106577 -0.107851 -0.109226 -0.10601
internal_weight=126069 124180 121844 74357.8 47486.6 2335.24 226.71 2108.53 1889.85 103.639 14.9555 1786.21 88.6838 314.675 1471.54
internal_count=396975 362588 321821 152569 169252 40767 2434 38333 34387 1640 92 32747 1548 4440 28307
is_linear=0
shrinkage=0.1


Tree=24
num_leaves=16
num_cat=0
split_feature=3 1 0 0 1 4 6 5 12 26 13 11 4 6 6
split_gain=1894.24 1915.75 1422.84 2158.52 1055.69 93.1961 182.641 8.97034 5.77177 37.1758 32.9904 0.195262 0.0974366 0.0939206 0.051312
threshold=-0.92973959753209301 -0.50925834666782233 -0.0072865047160277077 -0.0083532839515773668 0.25747291638876496 -1.3158193462523473 0.8775420513518174 1.6802403162082227 1.2237913480047713 -1.1505845842939573 0.17272397968546013 0.63082262373032261 1.291768388868622 0.85547874477892971 0.85547874477892971
decision_type=2 2 2 2 2 2 2 2 2 2 2 2 2 2 2
left_child=8 5 3 -3 -4 6 -2 -7 11 10 -10 14 -11 -13 -1
right_child=1 2 4 -5 -6 7 -8 -9 9 12 -12 13 -14 -15 -16
leaf_value=-0.10578659567362525 -0.10865328151952752 -0.0029268065997274887 -0.0031712718814247611 0.038058991346378065 -0.050550298049411108 -0.10307556183100164 0.096255163650688341 -0.050326531354816628 -0.10910253554484708 -0.10587941069181113 0.19595410940018848 -0.10917191563362 -0.11720781626090636 -0.10461024104547419 -0.10439798614381673
leaf_weight=972.35974321886897 109.19835722818971 29004.777529533952 64567.665987115353 23070.001507658511 5072.3554871603847 1808.463920738548 72.298830658197403 32.824026618152857 6.150511667132375 72.317386448383331 8.3687068074941635 230.9935268945992 8.4831227175891382 56.095662869513035 366.3753528483212
leaf_count=19222 1712 67554 195268 35784 24526 36823 438 483 89 1464 3 3102 84 1338 9085
internal_value=-0.000325901 0.00112329 0.00272735 0.0152306 -0.00662221 -0.0953962 -0.0270287 -0.102135 -0.104512 -0.0805957 0.0667285 -0.105914 -0.107069 -0.108281 -0.105407
internal_weight=125459 123738 121715 52074.8 69640 2022.79 181.497 1841.29 1721.14 95.3197 14.5192 1625.82 80.8005 287.089 1338.74
internal_count=396975 362588 323132 103338 219794 39456 2150 37306 34387 1640 92 32747 1548 4440 28307
is_linear=0
shrinkage=0.1


Tree=25
num_leaves=16
num_cat=0
split_feature=3 3 6 3 6 3 6 5 12 26 13 11 4 6 6
split_gain=1701.72 1709.18 1380.82 14106.5 7114.31 172.373 194.114 11.2601 5.51543 33.3583 27.2771 0.142468 0.0717695 0.0683353 0.0374742
threshold=-0.92973959753209301 0.53153837686041239 -0.94279089686752904 0.013489074354973757 1.0115576797950852 0.91976422205597064 0.38960757545278873 1.6802403162082227 1.2237913480047713 -1.1505845842939573 0.17272397968546013 0.63082262373032261 1.291768388868622 0.85547874477892971 0.85547874477892971
decision_type=2 2 2 2 2 2 2 2 2 2 2 2 2 2 2
left_child=8 2 3 -2 -4 6 -3 -7 11 10 -10 14 -11 -13 -1
right_child=1 5 4 -5 -6 7 -8 -9 9 12 -12 13 -14 -15 -16
leaf_value=-0.10520686523948208 0.015611277643990685 -0.089179162413414684 0.062511989372240812 -0.11747434234273586 -0.0083953490125112037 -0.10492173288502152 0.0076262712637744437 -0.041853604829122884 -0.10818548439353043 -0.10529339223094103 0.17700862217996813 -0.10823303075659484 -0.11544604988540592 -0.10415259596005087 -0.10396202076763675
leaf_weight=884.42810618504882 41839.393267501146 478.33958365768194 19813.762224439532 9836.9935999028385 49499.095233913511 1477.8781717009842 365.34299834445119 28.861806381493807 5.6099746674299213 65.781072556972504 8.3382518514990807 210.73190055042505 7.7869683355092993 50.969104267656803 332.82941613718867
leaf_count=19222 96301 7440 33926 50222 138334 34031 1892 442 89 1464 3 3102 84 1338 9085
internal_value=-0.000306279 0.00100913 0.00264988 -0.00972258 0.0118742 -0.0834493 -0.0472591 -0.103714 -0.103878 -0.0794854 0.0623036 -0.105322 -0.106368 -0.107438 -0.104866
internal_weight=124906 123340 120989 51676.4 69312.9 2350.42 843.683 1506.74 1566.47 87.5163 13.9482 1478.96 73.568 261.701 1217.26
internal_count=396975 362588 318783 146523 172260 43805 9332 34473 34387 1640 92 32747 1548 4440 28307
is_linear=0
shrinkage=0.1


Tree=26
num_leaves=16
num_cat=0
split_feature=1 6 6 3 3 6 1 3 11 6 6 3 6 6 6
split_gain=1682.05 2461.72 5540.83 1633.63 1370.5 1270.33 12524.3 6644.03 965.434 697.117 547.409 450.971 286.151 207.417 79.5144
threshold=0.25747291638876496 -0.97148249747079962 -0.30698323482826056 0.35002553680387399 -0.67692315298929395 -0.93539830063092522 -0.035370251883554693 -0.01807477173756086 0.64824735559009072 -0.87264878774522059 0.85547874477892971 -0.41273870297799775 0.75261799194479329 -1.0229562896525433 -1.0243076592128777
decision_type=2 2 2 2 2 2 2 2 2 2 2 2 2 2 2
left_child=3 11 4 5 -3 6 -1 -7 12 -10 -4 13 -5 -2 -13
right_child=1 2 10 8 -6 7 -8 -9 9 -11 -12 14 -14 -15 -16
leaf_value=-0.12612930935629563 -0.10035738184871341 -0.08692176693240905 -0.035204271617105695 -0.10671499452374376 0.093008420725841354 -0.041077252218794415 0.017005342089228638 0.035892353538407869 -0.094908934122475419 0.02140360913749435 -0.10849360595636937 -0.16129871939656218 -0.051899936173558814 -0.019855440113547992 -0.1206239249392024
leaf_weight=7277.0263369008899 729.70761601254344 475.97761159390211 1514.6048358753324 1752.2699006274343 3826.731189340353 15035.00387956202 38220.624941602349 44138.16370074451 647.5647607780993 2522.6803500205278 3115.3650904893875 977.58124284446239 2086.1599370092154 570.12626331299543 945.40588559955359
leaf_count=32421 6653 8278 12014 32950 5149 39457 86284 90928 9956 10189 32890 4318 17317 4608 3563
internal_value=-0.000299116 -0.0356255 -0.00859455 0.0035459 0.073104 0.00667554 -0.00588803 0.0163355 -0.0431937 -0.00235478 -0.0845184 -0.110547 -0.0769234 -0.065048 -0.141302
internal_weight=123835 12155.5 8932.68 111679 4302.71 104671 45497.7 59173.2 7008.67 3170.25 4629.97 3222.82 3838.43 1299.83 1922.99
internal_count=396975 77473 58331 319502 13427 249090 118705 130385 70412 20145 44904 19142 50267 11261 7881
is_linear=0
shrinkage=0.1


Tree=27
num_leaves=16
num_cat=0
split_feature=11 1 6 6 1 6 3 11 4 1 3 0 25 1 11
split_gain=1554.68 1288.75 2082.19 4650.22 1251.89 1150.42 393.21 179.987 43.1518 39.344 45.2784 5.96681 3.21035 0.705174 0.462438
threshold=-1.2104055277563555 0.25747291638876496 -0.97148249747079962 -0.30698323482826056 -0.63262453146589792 -0.93539830063092522 -0.41273870297799775 -1.3319313117103457 -1.6212542333680522 -0.27417701400986322 -0.35645715279651663 0.019820972495910565 -1.0472584428822242 -0.50925834666782233 -1.7268654830716461
decision_type=2 2 2 2 2 2 2 2 2 2 2 2 2 2 2
left_child=7 4 6 -4 8 -6 -3 11 -2 13 -11 12 -1 -9 -13
right_child=1 2 3 -5 5 -7 -8 9 -10 10 -12 14 -14 -15 -16
leaf_value=-0.013209873319635879 0.060149554822347573 -0.057519727215271432 0.070909949640629882 -0.078955094685768001 -0.0064052904036066231 0.014537382066367163 -0.13139198003201469 -0.10418232065720397 -0.10079963537400492 -0.10845068340936614 -0.040566574091625569 -0.10397328684982775 -0.10156041585109482 -0.12055561881230821 -0.11595660420456
leaf_weight=4.1484614126384249 16.903011865913868 1193.9954473972321 4087.7350335642695 4195.6224825438112 45302.119170386344 62302.199725758284 1817.1548878699541 60.074522837996483 1148.8988164104521 109.72344619221985 940.04828748852015 33.900445649400353 477.92872714623809 46.792667161673307 643.22612776979804
leaf_count=81 115 9679 12030 40340 130255 140329 7357 1649 30182 2041 5072 956 9344 527 7018
internal_value=-0.000300172 0.00126518 -0.030886 -0.00499854 0.00460371 0.00572038 -0.1021 -0.0814556 -0.098466 -0.0535465 -0.0476619 -0.109303 -0.1008 -0.111352 -0.115357
internal_weight=122380 120065 11294.5 8283.36 108770 107604 3011.15 2315.84 1165.8 1156.64 1049.77 1159.2 482.077 106.867 677.127
internal_count=396975 370287 69406 52370 300881 270584 17036 26688 30297 9289 7113 17399 9425 2176 7974
is_linear=0
shrinkage=0.1


Tree=28
num_leaves=16
num_cat=0
split_feature=11 6 3 1 6 1 1 11 3 3 1 11 6 1 0
split_gain=1389.2 1242.7 13428.5 5186.5 2703.8 10014.3 1379.46 854.869 651.668 641.763 363.261 34.1348 32.2498 8.38285 2.44104
threshold=-0.6778509315942044 1.0544707761312007 -0.052991531328579491 -0.22382387385307065 -0.93539830063092522 -0.049337515995505059 0.40478841152418527 -1.2817499001673707 0.35530668314385466 -0.3513479582496174 0.29345110804989055 -1.357294066223375 1.0418286289102197 -0.28326310626329693 0.019820972495910565
decision_type=2 2 2 2 2 2 2 2 2 2 2 2 2 2 2
left_child=7 4 10 -4 5 -2 -6 11 9 -9 -3 14 -10 -13 -1
right_child=1 2 3 -5 6 -7 -8 8 12 -11 -12 13 -14 -15 -16
leaf_value=-0.1031960477939637 -0.11750785213743756 -0.15340166602470906 -0.096259357251223865 0.040253347300872405 0.042829528755583851 0.018077636396756174 -0.06672315536537364 -0.090641289595532359 -0.087929553068519822 -0.010163769909347455 -0.087193262516989403 -0.11179727530148201 -0.1280859161998876 -0.066920731032198963 -0.11371958434072378
leaf_weight=341.69005003385246 6473.1402453184128 5222.2539099603891 3211.1958838701248 20876.252135276794 24933.955092282966 34379.756373764947 1204.9229932762682 1039.4160257410258 499.75560534931719 21224.515825584531 984.99447877146304 48.468168523162603 333.4262635987252 294.81212442927063 621.05603946372867
leaf_count=7933 44968 19902 15934 33000 52143 67984 16044 13957 9988 84789 13820 1236 3943 3360 7974
internal_value=-0.000287644 0.00506357 -0.0117432 0.0220543 0.0126638 -0.00340588 0.0377795 -0.021621 -0.0171704 -0.013921 -0.142895 -0.100331 -0.103999 -0.0732569 -0.109985
internal_weight=121690 97286.5 30294.7 24087.4 66991.8 40852.9 26138.9 24403.1 23097.1 22263.9 6207.25 1306.03 833.182 343.28 962.746
internal_count=396975 263795 82656 48934 181139 112952 68187 133180 112677 98746 33722 20503 13931 4596 15907
is_linear=0
shrinkage=0.1


Tree=29
num_leaves=16
num_cat=0
split_feature=11 0 1 1 11 6 3 6 6 6 6 3 6 6 6
split_gain=1271.51 1804.16 1313.39 1361.8 611.165 492.55 1957.74 854.218 414.505 1489.3 279.674 257.593 1390.52 124.633 22.6974
threshold=0.66523330212400744 -0.0083532839515773668 -0.26634853423474031 0.27924571475614118 -1.3056682072347485 1.0724812364673053 -0.052991531328579491 -0.94085433822375109 0.75261799194479329 1.0447761282531618 -0.3646607702862425 -0.28183227159823321 -0.98661135189403693 -0.91516202796780832 1.0000000180025095e-35
decision_type=2 2 2 2 2 2 2 2 2 2 2 2 2 2 2
left_child=2 5 8 4 -4 7 -7 -2 14 -10 -5 12 -3 -13 -1
right_child=1 11 3 10 -6 6 -8 -9 9 -11 -12 13 -14 -15 -16
leaf_value=-0.1107950010794123 -0.01642100495052326 -0.13631497136873633 -0.098723538146297377 -0.039721641202120808 -0.0011230657291573275 -0.11610148685539903 0.0037006696907990371 0.023503110352298313 0.050694143111813389 -0.11130236645418455 -0.094185437465928945 0.027548259144938254 0.037150599788999553 0.044259625142472038 -0.079497021048957617
leaf_weight=1291.9700509272516 11182.336246939376 558.41760725528002 648.35653565078974 2152.0240853670985 61434.336920309812 1849.8116993680596 5194.1347702722996 10291.341480124742 1030.1599696725607 1263.6364285107702 1677.986786480993 7293.4091111104935 2679.6227896232158 11499.145488763228 282.34752005711198
leaf_count=27987 32382 2024 7080 19624 175360 9770 10864 24312 4891 13488 29114 13675 5927 14819 5658
internal_value=-0.000286982 0.0117909 -0.00903599 -0.00571251 -0.00214235 -0.00481424 -0.0277606 0.00271278 -0.0656682 -0.0385486 -0.0635831 0.0332854 0.00723552 0.0377739 -0.105182
internal_weight=120329 50548.2 69780.8 65912.7 62082.7 28517.6 7043.95 21473.7 3868.11 2293.8 3830.01 22030.6 3238.04 18792.6 1574.32
internal_count=396975 113773 283202 231178 182440 77328 20634 56694 52024 18379 48738 36445 7951 28494 33645
is_linear=0
shrinkage=0.1


Tree=30
num_leaves=16
num_cat=0
split_feature=3 3 6 3 6 5 6 12 26 13 11 4 6 6 6
split_gain=1198.83 1109.28 1131.41 14683.6 3463.51 14.6155 50.8453 6.60455 32.8031 20.5863 0.111768 0.0477354 0.0441622 0.038404 0.0278804
threshold=-0.92973959753209301 0.91976422205597064 1.0475518735993949 -0.031296165612917037 -0.93539830063092522 1.6802403162082227 0.9181316037034174 1.2237913480047713 -1.1505845842939573 0.17272397968546013 0.63082262373032261 1.291768388868622 0.85547874477892971 -0.63774551441136029 0.85547874477892971
decision_type=2 2 2 2 2 2 2 2 2 2 2 2 2 2 2
left_child=7 2 4 -4 -2 13 -7 10 9 -9 14 -10 -12 -3 -1
right_child=1 5 3 -5 -6 6 -8 8 11 -11 12 -13 -14 -15 -16
leaf_value=-0.10377743665384707 -0.0064247589277152649 -0.10254874537182333 -0.133681392821381 0.017891874418410829 0.038412594263584142 -0.10551691038777473 0.24769355051171349 -0.1062020348171817 -0.10389191495309856 0.16759422996960549 -0.10668203793194733 -0.11305721757835994 -0.10277676476758635 -0.10389908723558341 -0.10246032531511812
leaf_weight=657.94111561775208 50935.577445020899 296.29730489850044 7955.7755094710737 32500.716883238405 26033.367993151769 17.286456555128101 5.3328066170215598 4.1313927937298986 47.707774380221963 8.1901618838310242 174.00651773065329 6.450986770913004 34.737293025478721 728.32133542560041 212.66072551719844
leaf_count=19222 152933 12423 40860 78194 56128 360 82 89 1464 3 3102 84 1338 21608 9085
internal_value=-0.000274156 0.000710375 0.00162418 -0.011915 0.00874067 -0.101753 -0.0222426 -0.10207 -0.0714786 0.0757909 -0.103954 -0.104984 -0.106032 -0.103509 -0.103456
internal_weight=119619 118473 117425 40456.5 76968.9 1047.24 22.6193 1145.83 66.4803 12.3216 1079.35 54.1588 208.744 1024.62 870.602
internal_count=396975 362588 328115 119054 209061 34473 442 34387 1640 92 32747 1548 4440 34031 28307
is_linear=0
shrinkage=0.1


Tree=31
num_leaves=16
num_cat=0
split_feature=3 1 6 3 6 4 6 5 12 26 13 11 4 6 6
split_gain=1079.23 998.342 1012.19 16070.5 4297.13 41.6499 62.9169 13.1988 6.22963 29.3863 17.3891 0.0820131 0.0353313 0.0323249 0.0204671
threshold=-0.92973959753209301 -0.63262453146589792 1.0255131692931567 -0.031296165612917037 -0.91516202796780832 -1.6212542333680522 1.1626772412497715 1.6802403162082227 1.2237913480047713 -1.1505845842939573 0.17272397968546013 0.63082262373032261 1.291768388868622 0.85547874477892971 0.85547874477892971
decision_type=2 2 2 2 2 2 2 2 2 2 2 2 2 2 2
left_child=8 5 4 -4 -3 6 -2 -7 11 10 -10 14 -11 -13 -1
right_child=1 2 3 -5 -6 7 -8 -9 9 12 -12 13 -14 -15 -16
leaf_value=-0.10340560737745984 -0.11365058931128319 -0.005553837394277672 -0.1305714572331399 0.018354865310272757 0.05116442144092033 -0.10112988218315816 0.2718124072782932 -0.025027518382226166 -0.10559589015186482 -0.10351136288495418 0.15537075185213983 -0.10601279464423122 -0.11175911288567648 -0.10250576090939151 -0.10222073917500317
leaf_weight=597.36131065897644 9.523137643933298 51413.529869528487 8933.9948563277721 38345.349808748811 18046.358417980373 1001.6625386010855 7.6249728202819815 23.320168662816286 3.758602209389208 43.31839333102107 7.962469257414341 158.39078142866492 5.9014215003699055 31.510468486696482 192.85141821205616
leaf_count=19222 114 153560 47775 90356 34650 35671 1 461 89 1464 3 3102 84 1338 9085
internal_value=-0.000266043 0.000629953 0.00149982 -0.00978654 0.00918212 -0.0968126 0.057747 -0.0993984 -0.101636 -0.0706134 0.0716864 -0.103565 -0.1045 -0.105431 -0.103116
internal_weight=118822 117781 116739 47279.3 69459.9 1042.13 17.1481 1024.98 1041.05 60.9409 11.7211 980.114 49.2198 189.901 790.213
internal_count=396975 362588 326341 138131 188210 36247 115 36132 34387 1640 92 32747 1548 4440 28307
is_linear=0
shrinkage=0.1


Tree=32
num_leaves=16
num_cat=0
split_feature=11 3 0 11 1 0 11 0 11 11 6 6 6 1 11
split_gain=1037.75 902.913 831.26 915.792 820.649 654.716 474.131 382.292 339.614 254.343 59.5033 26.4811 129.927 6.33592 0.19017
threshold=-0.40167315636659301 0.35530668314385466 -0.008857846010878424 0.66523330212400744 0.2835389983775724 -0.0067835931811846507 -1.3319313117103457 -0.0082044687800096675 1.3676439911836096 1.8720284590552796 -0.97148249747079962 1.0430692728749709 1.0115576797950852 -0.29284202420909461 1.3308983567798043
decision_type=2 2 2 2 2 2 2 2 2 2 2 2 2 2 2
left_child=1 4 8 5 6 -4 -1 -5 14 -10 -6 12 -3 -13 -2
right_child=2 11 3 7 10 -7 -8 -9 9 -11 -12 13 -14 -15 -16
leaf_value=-0.10258420744911122 -0.10382853197644358 -0.10763474956327722 -0.033790095220631158 0.010499254684753233 -0.11936186261623422 0.005030104160626726 -0.0069892998899299874 0.032259460829132343 -0.0051511164935468716 -0.034687467563195545 -0.074225731747472365 -0.10854910115103711 -0.005697306981621313 -0.13275587010289885 -0.11339429820782095
leaf_weight=527.78324603103101 385.17543921619654 625.96289732120931 5096.6235249768943 14465.184341128916 437.69978893175721 29438.627340475097 30598.903203178197 18272.045810583979 12765.895407719538 3778.3478873148561 877.86942950636148 296.79426735639572 156.24530893564224 170.09656599909067 21.96807773783803
leaf_count=6519 12868 18601 26024 31366 6510 76471 112701 30166 36196 10962 19746 6405 1110 932 398
internal_value=-0.000259467 -0.0150922 0.00567394 0.0106609 -0.0118799 -0.000698881 -0.0086102 0.0226446 -0.014117 -0.0118966 -0.0892429 -0.0985219 -0.0872728 -0.117368 -0.104345
internal_weight=117915 33691.4 84223.9 67272.5 32442.3 34535.3 31126.7 32737.2 16951.4 16544.2 1315.57 1249.1 782.208 466.891 407.144
internal_count=396975 172524 224451 164027 145476 102495 119220 61532 60424 47158 26256 27048 19711 7337 13266
is_linear=0
shrinkage=0.1


Tree=33
num_leaves=16
num_cat=0
split_feature=3 3 6 3 6 6 6 11 12 26 3 11 4 6 6
split_gain=907.338 901.325 1051.44 13742.4 3972.54 873.95 1837.72 166.564 6.11412 26.5061 14.2339 0.0539039 0.0244267 0.0202589 0.0123574
threshold=-0.92973959753209301 0.34079008508943626 1.0115576797950852 -0.01807477173756086 -0.91516202796780832 0.32838731359729795 1.0724812364673053 0.36214779551600867 1.2237913480047713 -1.1505845842939573 -1.0530105783793802 0.63082262373032261 1.291768388868622 0.85547874477892971 0.85547874477892971
decision_type=2 2 2 2 2 2 2 2 2 2 2 2 2 2 2
left_child=8 2 4 -4 -2 7 -7 -3 11 10 -10 14 -11 -13 -1
right_child=1 5 3 -5 -6 6 -8 -9 9 12 -12 13 -14 -15 -16
leaf_value=-0.10287610697384122 -0.0029769420308802651 -0.1129749863169663 -0.11741888132475253 0.019754615421598811 0.054744497761897319 0.038995059331964774 -0.097088859154794316 -0.060547509888739248 -0.10517280056349698 -0.10299574751759495 0.14590822242934579 -0.10514719120800674 -0.110341833545236 -0.10216009190497327 -0.1018774021961672
leaf_weight=506.78897601738572 50236.211447440088 994.99036595970392 9263.5974268689752 34513.843135006726 15633.809298574924 2906.745148377493 1506.7511682957411 1549.9828597232699 3.2081325799226761 36.891434840857983 7.6224976219236833 137.14666654169559 5.1594302877783766 27.20926721394062 163.9845830462873
leaf_count=19222 134320 26717 49709 78007 27045 13592 14715 18483 88 1464 4 3102 84 1338 9085
internal_value=-0.000241993 0.000524883 0.0027397 -0.00927221 0.0107229 -0.0343749 -0.00746348 -0.0810447 -0.100942 -0.0679668 0.0715357 -0.10303 -0.103897 -0.104653 -0.102632
internal_weight=117494 116606 109647 43777.4 65870 6958.47 4413.5 2544.97 888.011 52.8815 10.8306 835.129 42.0509 164.356 670.774
internal_count=396975 362588 289081 127716 161365 73507 28307 45200 34387 1640 92 32747 1548 4440 28307
is_linear=0
shrinkage=0.1


Tree=34
num_leaves=16
num_cat=0
split_feature=11 3 1 6 6 11 1 1 11 25 12 26 1 0 11
split_gain=879.205 714.674 722.355 2928.24 954.06 210.312 41.2344 38.0754 8.18456 8.32234 6.48964 25.2175 0.801264 0.63012 0.0353408
threshold=-1.1869983602189242 -0.92973959753209301 -0.24327357008428016 1.0724812364673053 1.0115576797950852 -1.3319313117103457 -0.28326310626329693 0.27924571475614118 -1.386775093267542 -1.0472584428822242 1.2237913480047713 -1.1505845842939573 -0.46523468545031538 0.019820972495910565 0.63082262373032261
decision_type=2 2 2 2 2 2 2 2 2 2 2 2 2 2 2
left_child=5 10 3 -3 -4 8 12 -8 13 -10 14 -12 -7 -1 -2
right_child=1 2 4 -5 -6 6 7 -9 9 -11 11 -13 -14 -15 -16
leaf_value=-0.10322693650780633 -0.10244076776944507 0.0029841484329050905 0.011729224760930459 -0.13299195680566656 -0.00798976180455571 -0.10266390677700761 -0.032551348047498867 -0.10076632310580601 0.14819891863944454 -0.085453482155895544 0.081012622742588622 -0.10373848517042644 -0.1233880510783355 -0.11072806445333616 -0.1041941760472124
leaf_weight=147.75369193777442 499.22454941459 7935.3305338220671 63442.34675694257 1978.6214383300394 40009.890893496573 39.587617409415543 1441.6213412750512 86.748666138388216 1.5398102104663838 152.52312492765486 9.5053964257240278 33.166730187833309 35.284406017512083 462.63370378874242 149.33635354135185
leaf_count=6378 22604 59327 149340 15287 114803 1973 7425 2477 24 3023 65 1288 547 7974 4440
internal_value=-0.000238283 0.00101377 0.00163188 -0.0241539 0.00410296 -0.0605527 -0.0399727 -0.0364232 -0.103714 -0.0831182 -0.100359 -0.0625844 -0.11243 -0.108912 -0.102845
internal_weight=116425 114057 113366 9913.95 103452 2367.69 1603.24 1528.37 764.45 154.063 691.233 42.6721 74.872 610.387 648.561
internal_count=396975 367154 338757 74614 264143 29821 12422 9902 17399 3047 28397 1353 2520 14352 27044
is_linear=0
shrinkage=0.1


Tree=35
num_leaves=16
num_cat=0
split_feature=11 3 0 1 11 0 11 0 11 6 6 6 4 6 11
split_gain=817 892.481 778.184 744.83 512.272 490.834 412.147 336.346 229.862 227.263 41.7266 152.92 31.4535 28.5087 0.162279
threshold=-0.015359160642077792 0.36698109674789392 -0.008857846010878424 0.32401011902009674 0.68241043544467728 -0.0066822509448866609 -1.3319313117103457 -0.0080521195117654789 1.3676439911836096 -0.97648353169156332 1.0115576797950852 1.0331266008944782 0.76129942173575393 0.89877069754665195 1.3308983567798043
decision_type=2 2 2 2 2 2 2 2 2 2 2 2 2 2 2
left_child=1 3 8 6 5 -4 -1 -6 14 -10 13 -12 -5 -3 -2
right_child=2 10 4 12 7 -7 -8 -9 9 -11 11 -13 -14 -15 -16
leaf_value=-0.099209860039594408 -0.10335577647272667 -0.10253390373319288 -0.022198132587111202 -0.097718439133298904 0.011273753689468024 0.010404621257076066 -0.0051626095259873555 0.032050300356508618 -0.029750516809268435 -0.0034963958528384828 0.038561131136254923 -0.094997846422964605 -0.046853446890910866 -0.18565590076191776 -0.11291745569831696
leaf_weight=471.08226116932929 249.96999254450202 682.77027877885848 6558.4811118161306 920.54412448406219 17356.652906654403 15604.59730154369 42958.384407285601 14139.286177817732 4580.1589525248855 11769.946416197345 103.6323552262038 496.17039798758924 140.06968233734369 43.915474601089954 19.106552621349692
leaf_count=7073 9808 23604 25604 27676 37247 36308 145716 22842 15093 32065 571 9519 2604 847 398
internal_value=-0.000224992 -0.0106147 0.00654839 -0.00820476 0.0124046 0.000756839 -0.00618275 0.0206008 -0.0123597 -0.010851 -0.0914438 -0.0719219 -0.091001 -0.107557 -0.104035
internal_weight=116095 45816.6 70278.2 44490.1 53659 22163.1 43429.5 31495.9 16619.2 16350.1 1326.49 599.803 1060.61 726.686 269.077
internal_count=396975 217610 179365 183069 122001 61912 152789 60089 57364 47158 34541 10090 30280 24451 10206
is_linear=0
shrinkage=0.1


Tree=36
num_leaves=16
num_cat=0
split_feature=11 3 3 6 11 3 3 5 23 11 12 1 6 11 6
split_gain=726.477 531.779 531.642 503.725 444.627 263.587 267.299 23.4542 64.4748 22.1951 7.55002 6.94462 6.63372 2.37402 0.0148457
threshold=-0.85439341138975389 0.91976422205597064 -0.92973959753209301 1.0255131692931567 -1.3056682072347485 0.361182776829233 -0.3513479582496174 1.6802403162082227 -0.79857452221765624 -1.357294066223375 1.2237913480047713 -0.27016434949918972 1.0374529356573934 -1.386775093267542 -0.63774551441136029
decision_type=2 2 2 2 2 2 2 2 2 2 2 2 2 2 2
left_child=4 2 10 -4 9 6 -6 14 -9 13 -2 -11 -7 -1 -3
right_child=1 7 3 -5 5 12 -8 8 -10 11 -12 -13 -14 -15 -16
leaf_value=-0.1070434617250587 -0.10251009229149728 -0.10170683743091276 0.0098416574900592538 -0.0047991143221124922 -0.085904407930158966 -0.091391441197381421 -0.011779303776256186 0.3708135949426673 -0.10500168956209557 -0.11767263135801154 -0.052994680935283527 -0.054337142005597583 -0.11970764096185277 -0.086986265268914856 -0.10295730374893625
leaf_weight=512.21373384818435 467.73265968728811 128.18186558131129 59464.975427858531 38854.92622802034 503.01564465463161 197.10294985305518 14799.707481544465 3.9524301476776591 10.189931634813545 19.813890112563968 32.964353616349399 137.12107319477946 142.58529134467244 66.69658971671015 366.11303732078522
leaf_count=14352 22303 8095 144250 102509 9950 6675 65076 57 256 851 1100 2207 2820 1555 14919
internal_value=-0.000210027 0.00300753 0.00353237 0.00405579 -0.0197235 -0.0161499 -0.0142159 -0.0990001 0.0279766 -0.0956901 -0.0992501 -0.0623336 -0.103277 -0.104733 -0.102633
internal_weight=115707 99329 98820.6 98319.9 16378.3 15642.4 15302.7 508.437 14.1424 735.845 500.697 156.935 339.688 578.91 494.295
internal_count=396975 293489 270162 246759 103486 84521 75026 23327 313 18965 23403 3058 9495 15907 23014
is_linear=0
shrinkage=0.1


Tree=37
num_leaves=16
num_cat=0
split_feature=3 3 4 6 0 5 4 0 12 12 11 11 6 6 6
split_gain=622.087 621.023 538.342 479.004 257.659 17.429 42.5862 88.9166 6.54506 22.8006 0.0205692 0.0131036 0.00806005 0.00411792 0.00271325
threshold=0.91976422205597064 -0.92973959753209301 0.71674178075009676 -0.94085433822375109 -0.0094220625916893817 1.6802403162082227 0.89376497413861389 -0.0071975966496331681 1.2237913480047713 1.2344353533734915 0.63082262373032261 0.66523330212400744 -0.63774551441136029 -0.63774551441136029 0.75261799194479329
decision_type=2 2 2 2 2 2 2 2 2 2 2 2 2 2 2
left_child=1 8 3 -3 -4 11 14 -8 10 -10 -1 12 -2 -13 -7
right_child=5 2 4 -5 -6 6 7 -9 9 -11 -12 13 -14 -15 -16
leaf_value=-0.10179516867884397 -0.10134090120030506 -0.0135401834618201 -0.024923189653452776 0.0028713914507856623 0.01164690665844223 -0.10355342145227889 -0.10598078862610778 0.69917949539273982 0.072308132917445603 -0.10308356652200466 -0.10327710995740505 -0.10204492172619142 -0.10223042727871721 -0.1034970404981167 -0.10650652205665288
leaf_weight=463.27202589437366 142.61723045352846 31761.67649912741 2024.0824804715812 40412.731022245251 40004.434041751549 7.3850637786090392 3.3404323309659958 2.3270500171929589 9.7961591053754073 30.452789556235075 117.39399670530111 25.167626989074051 356.47541435062885 87.160723869688809 5.3761280998587608
leaf_count=28307 11083 107864 6294 123836 90121 245 75 10 140 1500 4440 1340 18722 2886 112
internal_value=-0.000197479 0.000346177 0.000888446 -0.00435082 0.0098857 -0.0993079 -0.00349115 0.224615 -0.0993917 -0.0603951 -0.102095 -0.102196 -0.101976 -0.103172 -0.104798
internal_weight=115454 114824 114203 72174.4 42028.5 629.85 18.4287 5.66748 620.915 40.2489 580.666 611.421 499.093 112.328 12.7612
internal_count=396975 362502 328115 231700 96415 34473 442 85 34387 1640 32747 34031 29805 4226 357
is_linear=0
shrinkage=0.1


Tree=38
num_leaves=16
num_cat=0
split_feature=11 3 3 6 11 5 17 1 1 12 11 25 0 2 6
split_gain=586.475 501.05 499.299 454.656 40.9398 17.6456 31.9825 8.28399 8.868 7.09312 2.60083 7.85121 0.596085 0.502882 0.00897133
threshold=-1.2817499001673707 0.91976422205597064 -0.92973959753209301 1.0255131692931567 -1.357294066223375 1.6802403162082227 -0.16059745234903094 -0.28326310626329693 0.29865948731281083 1.2237913480047713 -1.386775093267542 -1.0472584428822242 0.013243302495044466 1.4747616979897427 -0.63774551441136029
decision_type=2 2 2 2 2 2 2 2 2 2 2 2 2 2 2
left_child=4 2 9 -4 10 14 -7 12 -9 -2 13 -12 -6 -1 -3
right_child=1 5 3 -5 7 6 -8 8 -10 -11 11 -13 -14 -15 -16
leaf_value=-0.10717181749531866 -0.10195604125012192 -0.10134759118632988 0.0064728113381247428 -0.0064341518442264725 -0.099504898861024704 0.17722114768810904 -0.10509732286978098 -0.040993538842657343 -0.10550691931320044 -0.054725204561240429 0.19757886903660257 -0.088786275784820623 -0.13352213413319705 -0.094697377876935551 -0.10231064478397665
leaf_weight=421.03435534052551 467.16709647141397 132.30097090359777 67840.874913050793 45661.198971691541 15.25478733610362 6.4404046833515194 10.644974237307904 197.01809563674033 23.89095742162317 34.119287670589983 0.9729528408497562 59.91621463932097 7.7775270445272318 35.003131338395178 359.75696543697268
leaf_count=13215 28182 10473 183656 133697 1038 98 289 2218 1142 1398 17 1538 198 1137 18679
internal_value=-0.000182862 0.000398556 0.00084061 0.00128042 -0.0876877 -0.0985827 0.0013238 -0.0539209 -0.0479706 -0.0987413 -0.103622 -0.0842104 -0.110992 -0.106214 -0.102052
internal_weight=115273 114513 114003 113502 760.868 509.143 17.0854 243.941 220.909 501.286 516.927 60.8892 23.0323 456.037 492.058
internal_count=396975 376472 346933 317353 20503 29539 387 4596 3360 29580 15907 1555 1236 14352 29152
is_linear=0
shrinkage=0.1


Tree=39
num_leaves=16
num_cat=0
split_feature=11 0 1 1 6 6 6 6 3 1 6 6 1 1 11
split_gain=547.228 966.749 681.02 590.014 1061.4 386.173 878.078 323.145 1003.87 400.976 297.172 165.569 3667.36 1112.47 24.9344
threshold=0.66523330212400744 -0.0086440993765594335 -0.26634853423474031 0.25747291638876496 -0.9817665220521371 1.0000000180025095e-35 1.0447761282531618 -0.97526899876826223 -0.27383226568843078 0.19697187752634979 -0.93539830063092522 1.0255131692931567 0.034269386203254634 -0.063159905577037531 0.42633566265367356
decision_type=2 2 2 2 2 2 2 2 2 2 2 2 2 2 2
left_child=2 7 5 10 -5 14 -7 8 -2 -9 -4 13 -13 -3 -1
right_child=1 11 3 4 -6 6 -8 9 -10 -11 -12 12 -14 -15 -16
leaf_value=-0.11588588409688039 -0.1183655464233062 -0.022226125212672029 -0.0088391827319049335 -0.11467183889219246 -0.0085754121132770034 0.030987993972250213 -0.099187303612152056 -0.0093742189844621092 -0.0091532101024203501 0.028814652169978035 0.0053887324787790427 0.038566961596191489 -0.11541042801957123 0.040230491019230707 -0.070950985929723917
leaf_weight=733.89116495475173 1016.0742708612233 3647.5524219712242 27137.398882217705 1303.1499688317999 3411.0918790772557 1117.1015726588666 966.48285504616797 11668.078172935173 4903.1598686622456 3597.0476614478976 31978.979978537187 8495.184992688708 1891.1699184225872 13073.50089183636 148.47316466737539
leaf_count=25141 4361 12774 84820 12672 42399 10549 13488 30391 15443 13599 91287 10896 9423 16886 2846
internal_value=-0.000171039 0.00793874 -0.00603415 -0.00385759 -0.0379035 -0.0528762 -0.0293946 -0.00806629 -0.0279002 -0.00037546 -0.0011426 0.0204466 0.0105304 0.0266061 -0.108325
internal_weight=115088 48291.8 66796.6 63830.6 4714.24 2965.95 2083.58 21184.4 5919.23 15265.1 59116.4 27107.4 10386.4 16721.1 882.364
internal_count=396975 113773 283202 231178 55071 52024 24037 63794 19804 43990 176107 49979 20319 29660 27987
is_linear=0
shrinkage=0.1


Tree=40
num_leaves=16
num_cat=0
split_feature=11 3 3 6 11 5 1 1 12 26 11 25 16 2 11
split_gain=505.568 431.522 429.163 435.268 86.4608 17.4595 15.4693 16.6227 7.63377 22.3251 2.82921 6.36222 0.700558 0.561535 0.0114523
threshold=-1.2415018317483846 -0.92973959753209301 0.91976422205597064 -0.94279089686752904 -1.357294066223375 1.6802403162082227 -0.28326310626329693 0.29865948731281083 1.2237913480047713 -1.1505845842939573 -1.386775093267542 -1.0472584428822242 1.2809575521784258 1.4747616979897427 0.63082262373032261
decision_type=2 2 2 2 2 2 2 2 2 2 2 2 2 2 2
left_child=4 8 3 -3 10 -4 12 -8 14 -10 13 -12 -6 -1 -2
right_child=1 2 5 -5 6 -7 7 -9 9 -11 11 -13 -14 -15 -16
leaf_value=-0.10640115447431107 -0.10147478099515504 -0.0058777065641680481 -0.10184780503036901 0.0066683247156426378 -0.1140831308706233 0.0028084777777932627 -0.034415729549609281 -0.1058666002611362 0.083829722252911298 -0.10270134715160771 0.15454135457034979 -0.086134266590621081 -0.068399100929730339 -0.09253060890955872 -0.10271736681640101
leaf_weight=375.98331620637327 313.21837782207876 48778.398697379045 421.87833751551807 63851.321080635302 30.191046511754394 16.566411284729838 475.36251497548074 34.954468482173979 8.8696802314370853 23.197903227061033 1.1209392230957735 54.524148493073881 3.7766162715852252 31.64344313275069 97.186389080248773
leaf_count=13215 23284 144089 28645 171183 1749 379 3935 1776 67 1313 17 1538 208 1137 4440
internal_value=-0.000161278 0.000464714 0.00085042 0.00123481 -0.0706851 -0.0978934 -0.0436593 -0.0393098 -0.0980975 -0.0511081 -0.102437 -0.081286 -0.109004 -0.105324 -0.101769
internal_weight=114518 113511 113068 112630 1007.56 438.445 544.285 510.317 442.472 32.0676 463.272 55.6451 33.9677 407.627 410.405
internal_count=396975 373400 344296 315272 23575 29024 7668 5711 29104 1380 15907 1555 1957 14352 27724
is_linear=0
shrinkage=0.1


Tree=41
num_leaves=16
num_cat=0
split_feature=11 0 6 3 3 11 6 6 3 3 3 11 19 1 2
split_gain=468.309 416.412 407.451 9889.15 4123.21 318.051 218.53 440.794 386.228 207.546 199.449 11.3642 10.0349 7.30231 0.609087
threshold=-0.85439341138975389 -0.0094389379811174508 1.0255131692931567 -0.044404340803390806 -0.01807477173756086 -1.3319313117103457 -0.47250788527598819 1.0430692728749709 0.0043870537167686758 0.361182776829233 -0.36166902043281118 -1.386775093267542 1.4790045815889139 -0.29823454956189244 1.4747616979897427
decision_type=2 2 2 2 2 2 2 2 2 2 2 2 2 2 2
left_child=5 6 4 -4 -3 11 8 -8 -2 10 -7 14 -13 -11 -1
right_child=1 2 3 -5 -6 9 7 -9 -10 13 -12 12 -14 -15 -16
leaf_value=-0.10571727922453163 -0.028612086180537746 0.026562963997585232 -0.11497704986389451 0.019604019534349686 -0.032158533488215083 -0.087044880167749195 0.040474301526406305 -0.04985269258506609 -0.1388670841081332 -0.1105952377155469 -0.010207154249451636 -0.070870397726084153 0.21668458730226903 -0.077151531159222589 -0.090668908881340216
leaf_weight=342.29283633921295 1217.9154889872298 40106.341940362938 6644.2459677848965 30632.912411395926 17037.049643746577 345.61236493848264 983.80575490929186 1198.3060371400788 429.86157262232155 179.90063299192116 14977.831755085848 105.99227989651263 1.2276461087167252 102.47792986501008 29.190518838353455
leaf_count=13215 3860 89892 42437 65332 78761 9839 3492 5556 4159 9072 66332 3022 25 844 1137
internal_value=-0.000150937 0.00243855 0.0037497 -0.00438358 0.00905541 -0.0159685 -0.0298862 -0.00912874 -0.0573747 -0.0135057 -0.0119402 -0.0962572 -0.067578 -0.0984582 -0.104535
internal_weight=114335 98250.4 94420.5 37277.2 57143.4 16084.5 3829.89 2182.11 1647.78 15605.8 15323.4 478.703 107.22 282.379 371.483
internal_count=396975 293489 276422 107769 168653 103486 17067 9048 8019 86087 76171 17399 3047 9916 14352
is_linear=0
shrinkage=0.1


Tree=42
num_leaves=16
num_cat=0
split_feature=3 6 1 6 3 3 1 11 18 0 5 6 4 19 5
split_gain=439.778 448.722 8607.91 2577.7 9759.34 932.818 653.508 150.707 142.061 167.276 139.698 85.4668 12.1355 61.6367 9.45375
threshold=-0.57754922384881069 -0.94279089686752904 -0.049337515995505059 0.98759959840300415 -0.01807477173756086 0.34524999318085847 -0.0034472653926306421 0.4941142604623639 1.4306811786575955 -0.008618478472285614 1.545963265402114 -0.91516202796780832 1.0065196941436392 1.4564632577331669 -1.7383542249651491
decision_type=2 2 2 2 2 2 2 2 2 2 2 2 2 2 2
left_child=7 2 10 5 -5 -3 -4 12 11 -10 -2 -9 14 -14 -1
right_child=1 3 6 4 -6 -7 -8 8 9 -11 -12 -13 13 -15 -16
leaf_value=-0.0023170847196745162 -0.1152109672103236 0.046575693585600902 -0.040751462515496654 -0.10289589376112791 0.015590554504285238 -0.030068279592070604 0.013122694097063629 0.0019239167556745808 -0.12976494973437139 0.14864418712938784 -0.041408542314957733 -0.072754502981932687 -0.089064277510421813 0.30232198441689617 -0.10476950383331357
leaf_weight=9.1775190029293281 6400.3061429527588 15670.663871355355 2387.3377641579136 8529.3371754894033 37580.023967976682 1767.0230742520653 39598.712429324165 234.48759439401329 29.322176654357463 81.741266238503158 267.18329553352669 442.36663477029651 37.116020983085036 4.5129752820357671 483.53551676636562
leaf_count=487 55459 26196 7332 46766 100127 23094 93843 2033 555 282 1971 7521 1395 70 29844
internal_value=-0.000150671 0.000525002 -0.00670239 0.00605851 -0.00632714 0.0388091 0.0100594 -0.057485 -0.0296829 0.0751406 -0.112254 -0.0468831 -0.0984807 -0.0466343 -0.102861
internal_weight=113523 112201 48653.5 63547 46109.4 17437.7 41986.1 1322.26 787.918 111.063 6667.49 676.854 534.342 41.629 492.713
internal_count=396975 354788 158605 196183 146893 49290 101175 42187 10391 837 57430 9554 31796 1465 30331
is_linear=0
shrinkage=0.1


Tree=43
num_leaves=16
num_cat=0
split_feature=11 0 1 1 6 6 11 0 1 6 6 6 6 4 4
split_gain=451.781 793.044 503.136 463.653 338.43 854.586 246.244 236.546 200.692 857.339 177.353 170.861 116.026 74.817 54.1079
threshold=0.66523330212400744 -0.0082662281653800625 -0.26634853423474031 0.40478841152418527 1.0517082094709822 0.75261799194479329 -1.357294066223375 -0.009471900581383039 0.23292848091842161 -0.97908290434271839 -0.69123191980336984 1.1710611641131294 -1.0729511746163027 1.1845654078024936 0.6844811308703298
decision_type=2 2 2 2 2 2 2 2 2 2 2 2 2 2 2
left_child=2 7 4 6 5 -1 -4 10 12 -10 -2 -9 -3 -5 -6
right_child=1 8 3 13 14 -7 -8 11 9 -11 -12 -13 -14 -15 -16
leaf_value=-0.095649121742673787 -0.059283017480160044 0.067457025078212621 -0.097999805254041561 -0.090385481596171199 -0.11906197953716396 0.038363944241937599 -0.0023720671431611464 -0.00076580386946723195 -0.12340548160894263 0.028677117822216359 -0.009485765994675089 0.087095392909294814 0.025583708422314728 0.088680820534825788 -0.063512254722747685
leaf_weight=897.59126291237772 1210.7305226083845 691.26663285680115 270.45834087766707 682.32535208109766 558.17626004759222 1012.7092165919021 61631.191504675895 25360.996733394917 476.94890609011054 1663.5645841825753 1747.4455164987594 223.28331721341237 15486.797593015246 24.159274063073099 255.65955821238458
leaf_count=33645 5309 966 6534 35106 9878 5619 189423 69054 1682 4719 6223 529 25291 115 2882
internal_value=-0.000165455 0.00732725 -0.00553976 -0.00370923 -0.0476105 -0.0246047 -0.00278988 -0.00309456 0.0235656 -0.0052099 -0.0298669 9.92751e-07 0.0273729 -0.084262 -0.101612
internal_weight=112193 46861 65332.3 62608.1 2724.14 1910.3 61901.6 28542.5 18318.6 2140.51 2958.18 25584.3 16178.1 706.485 813.836
internal_count=396975 113773 283202 231178 52024 39264 195957 81115 32658 6401 11532 69583 26257 35221 12760
is_linear=0
shrinkage=0.1


Tree=44
num_leaves=16
num_cat=0
split_feature=4 3 1 6 6 0 16 18 6 3 3 0 6 14 3
split_gain=407.51 409.018 387.834 350.362 207.929 182.105 199.767 224.936 142.09 1983.15 476.808 105.556 52.4188 88.9877 2.66113
threshold=0.89376497413861389 -0.67692315298929395 -0.28810718171175059 -0.93539830063092522 0.69050632130394696 -0.0090337147772178421 -1.40464344098411 -1.2398595509574533 -0.98811316785593462 -0.25466637822363408 -0.21871043807732349 -0.0092856005073844259 -1.0035160034664636 -0.066299616796698227 -0.92973959753209301
decision_type=2 2 2 2 2 2 2 2 2 2 2 2 2 2 2
left_child=1 12 4 -4 -3 6 11 -8 9 -7 -10 -2 13 -1 -14
right_child=5 2 3 -5 -6 8 7 -9 10 -11 -12 -13 14 -15 -16
leaf_value=0.11584757908743359 0.063601441274405188 -0.079409491678754593 -0.0098818300007316225 0.0038634323566485371 -0.01706898226846525 -0.12594348925307222 0.026601621438040898 -0.023731290762306494 0.040910398609617177 0.021586033810489808 0.0071318905953600721 -0.016877161121887765 -0.10128183240724641 -0.10796037487362951 -0.11743606819568145
leaf_weight=30.119201633147895 563.58969157980755 980.27480108942837 34005.074245458469 40787.099622503854 1177.9284803858027 1063.5848308708519 1117.2436499800533 4324.901187452022 5798.1610410329886 6358.1886936053634 14963.663817589171 229.27517546247691 260.05693288240582 43.313968086615205 167.75678932480514
leaf_count=1247 1324 33688 106163 120591 15649 4300 3425 16849 15242 14479 32379 808 24574 3577 2680
internal_value=-0.000155078 -0.00417848 -0.00359197 -0.002386 -0.0453846 0.00889872 -0.00656605 -0.0133982 0.01232 0.000444165 0.0165652 0.0403292 -0.0942184 -0.0161638 -0.107616
internal_weight=111870 77451.6 76950.4 74792.2 2158.2 34418.6 6235.01 5442.14 28183.6 7421.77 20761.8 792.865 501.247 73.4332 427.814
internal_count=396975 308169 276091 226754 49337 88806 22406 20274 66400 18779 47621 2132 32078 4824 27254
is_linear=0
shrinkage=0.1


Tree=45
num_leaves=16
num_cat=0
split_feature=3 6 1 1 6 6 1 6 5 4 0 6 11 6 11
split_gain=361.614 359.631 8579.87 3285.52 8362.97 1192.58 659.257 303.63 17.9237 26.8411 31.9623 0.00574161 0.0038528 0.00238849 0.00045507
threshold=0.91976422205597064 1.0255131692931567 0.044537061834591447 -0.0034472653926306421 -0.63774551441136029 0.81587331388462692 -0.0070911773782838094 1.1710611641131294 1.6802403162082227 0.89376497413861389 -0.0071975966496331681 -0.63774551441136029 0.66523330212400744 0.75261799194479329 0.66523330212400744
decision_type=2 2 2 2 2 2 2 2 2 2 2 2 2 2 2
left_child=1 3 6 4 -1 -5 -3 -4 11 13 -11 14 -13 -10 -2
right_child=8 2 7 5 -6 -7 -8 -9 9 10 -12 12 -14 -15 -16
leaf_value=-0.093057362525192977 -0.10065214929110163 0.015752618808898482 -0.11262976186477941 0.020040071773760909 0.050264235419957906 -0.085304890037813108 -0.034914605216725458 0.013297428880314247 -0.10247027028856348 -0.10542855925367595 0.33624462829360019 -0.10150801254880724 -0.10240377610148024 -0.10567572197001365 -0.10125270694690819
leaf_weight=9790.6066048322245 69.002404982689768 34957.043277829885 6730.1641162680462 48772.427072002552 6969.5795522984117 1098.8394813244231 2771.6426044031978 197.07929527526721 4.8442198159173149 2.7540939375758171 4.0447753965854636 222.59804450068623 61.222746160812676 4.4692258993163705 15.440781124401836
leaf_count=61247 11083 85287 53426 133803 13577 6337 7790 1035 245 75 10 18722 2886 112 1340
internal_value=-0.000142162 0.000192269 -0.00675167 0.00484605 -0.0334583 0.017719 0.0120305 -0.109047 -0.096969 0.00626829 0.157331 -0.101486 -0.101701 -0.104008 -0.100762
internal_weight=111672 111287 44655.9 66631.5 16760.2 49871.3 37728.7 6927.24 384.376 16.1123 6.79887 368.264 283.821 9.31345 84.4432
internal_count=396975 362502 147538 214964 74824 140140 93077 54461 34473 442 85 34031 21608 357 12423
is_linear=0
shrinkage=0.1


Tree=46
num_leaves=16
num_cat=0
split_feature=11 1 4 3 11 0 0 6 6 13 6 11 6 6 0
split_gain=389.553 385.894 358.261 348.809 294.582 336.648 299.716 259.065 374.866 340.87 198.636 188.014 36.3749 119.434 7.38186
threshold=-0.40167315636659301 -0.27417701400986322 -1.4909009241659839 -0.3513479582496174 0.68241043544467728 -0.0067835931811846507 -0.0082662281653800625 -0.96170843877212397 1.0684097922717535 -1.1877128023629113 -0.96758419288146735 -1.357294066223375 1.0390015852207599 1.0115576797950852 0.0015981223543232335
decision_type=2 2 2 2 2 2 2 2 2 2 2 2 2 2 2
left_child=1 12 7 10 5 -4 -6 9 -9 -2 -3 -5 13 -1 -14
right_child=2 3 4 11 6 -7 -8 8 -10 -11 -12 -13 14 -15 -16
leaf_value=-0.09639909527306087 -0.16099246878142101 -0.12001696061045571 -0.0234693755221385 -0.096804493505903255 0.003602611443657536 0.0037794457708208318 0.021904126954972264 0.014067829566519502 -0.035720596541383723 -0.029709247815101841 -0.030380278317795648 -0.0051119932649262038 -0.091616746613727429 0.017282526193505229 -0.12207141574387081
leaf_weight=299.79405984515324 213.23300447501242 398.93649904895574 5412.1476745875552 225.32373066712171 18581.565031488426 27943.5558878663 17259.944683494978 4272.5385290766135 2340.7165008983575 2728.1170825986192 650.07418028777465 29687.744992541149 170.72274017101154 133.60056518390775 149.09882218949497
leaf_count=18668 1183 7212 35768 5708 52423 76471 31284 9634 8349 9339 20283 112072 5269 920 2392
internal_value=-0.000153215 -0.00951078 0.00361531 -0.00779032 0.0061216 -0.000641826 0.0124159 -0.014536 -0.00355444 -0.0392266 -0.0644689 -0.00580268 -0.0802329 -0.061355 -0.105815
internal_weight=110467 31715.3 78751.8 30962.1 69197.2 33355.7 35841.5 9554.61 6613.26 2941.35 1049.01 29913.1 753.216 433.395 319.822
internal_count=396975 172524 224451 145275 195946 112239 83707 28505 17983 10522 27495 117780 27249 19588 7661
is_linear=0
shrinkage=0.1


Tree=47
num_leaves=16
num_cat=0
split_feature=3 3 6 6 3 6 1 3 12 12 4 11 4 6 6
split_gain=329.373 317.684 4026.56 3312.24 1037.22 491.595 7289.42 2225.56 6.19657 16.6212 7.34872 0.0116121 0.00894462 0.00277584 0.001029
threshold=-0.92973959753209301 0.30344241927203547 1.0724812364673053 0.38960757545278873 0.34524999318085847 1.0115576797950852 0.044537061834591447 0.013489074354973757 1.2237913480047713 1.2344353533734915 1.291768388868622 0.63082262373032261 1.291768388868622 0.85547874477892971 0.85547874477892971
decision_type=2 2 2 2 2 2 2 2 2 2 2 2 2 2 2
left_child=8 5 3 -3 -4 7 -7 -2 11 10 -10 14 -11 -13 -1
right_child=1 2 4 -5 -6 6 -8 -9 9 12 -12 13 -14 -15 -16
leaf_value=-0.10108280428900807 0.016666555745926563 -0.074491093897310859 -0.21497610437976414 0.05863636741855982 -0.073453549760471179 0.013167413525284388 -0.10205562675869065 -0.031854111856232388 -0.10226121139452421 -0.10158933936321307 0.12631258964192019 -0.10259678841781493 -0.10735825454270623 -0.10088080518784281 -0.10057584702224605
leaf_weight=189.06399679044262 49734.496276088059 2799.9155513402075 992.61196368932724 5620.4978589676321 1082.7842889390886 31322.831240341067 6657.5155379022472 11671.918847116642 1.8450662610121096 15.035267496015878 5.9182916907593608 69.504557614214718 3.2726654941216102 10.906095250509678 50.795069833751768
leaf_count=19222 115800 50321 4037 18895 14281 73166 45793 40295 136 1413 4 3102 87 1338 9085
internal_value=-0.000141419 0.000165472 -0.0163804 0.0143695 -0.14114 0.00191281 -0.00702985 0.00744392 -0.0975077 -0.0506264 0.071989 -0.101324 -0.102621 -0.102364 -0.100975
internal_weight=110229 109883 10495.8 8420.41 2075.4 99386.8 37980.3 61406.4 346.341 26.0713 7.76336 320.27 18.3079 80.4107 239.859
internal_count=396975 362588 87534 69216 18318 275054 118959 156095 34387 1640 140 32747 1500 4440 28307
is_linear=0
shrinkage=0.1


Tree=48
num_leaves=16
num_cat=0
split_feature=11 3 3 6 4 6 16 6 1 6 6 11 6 6 6
split_gain=364.017 408.523 354.968 1347.03 331.947 230.843 340.934 269.192 199.605 220.352 215.488 172.493 36.3608 91.4121 37.8107
threshold=-0.015359160642077792 0.36698109674789392 -0.32014793520138796 -0.96052500508451233 -1.4909009241659839 -0.96415905854445161 -0.93488252778659697 1.0630134590531868 0.35882626284166169 -0.58618753875399798 -0.91516202796780832 -1.357294066223375 1.0115576797950852 1.0331266008944782 0.89877069754665195
decision_type=2 2 2 2 2 2 2 2 2 2 2 2 2 2 2
left_child=1 2 3 -1 5 6 -2 -7 10 -10 -6 -4 14 -14 -3
right_child=4 12 11 -5 8 7 -8 -9 9 -11 -12 -13 13 -15 -16
leaf_value=-0.12554528010191568 -0.1106534673291332 -0.09055049784569727 -0.096342806671165473 0.011922049537228925 0.0012326943292084106 0.012901219499828974 -0.020428143912480226 -0.028946045316177615 0.0079595665736202428 -0.070620984501828951 0.013867510629249262 -0.00289781820314205 0.030586045498364946 -0.081444894774857196 -0.20499626256265724
leaf_weight=1128.2731804689392 510.65303879417479 346.99456454650499 198.53810274926946 1935.8357687210664 23771.883178933058 4161.8153375904076 2328.4913275251165 2437.4975576666184 750.05525806639344 680.70930498838425 31234.594002891798 39365.124423441477 92.40744380094111 343.83057049615309 31.487496303394437
leaf_count=12003 2522 23604 5475 30263 60131 9434 7777 8772 5664 13837 71228 135328 571 9519 847
internal_value=-0.000140979 -0.00724689 -0.00590627 -0.0386965 0.0045451 -0.0128131 -0.0366562 -0.00255533 0.00744805 -0.0294264 0.00840718 -0.00336674 -0.0773913 -0.0577136 -0.100072
internal_weight=109318 43442.5 42627.8 3064.11 65875.7 9438.46 2839.14 6599.31 56437.2 1430.76 55006.5 39563.7 814.72 436.238 378.482
internal_count=396975 217610 183069 42266 179365 28505 10299 18206 150860 19501 131359 140803 34541 10090 24451
is_linear=0
shrinkage=0.1


Tree=49
num_leaves=16
num_cat=0
split_feature=11 6 3 3 6 6 1 6 3 1 11 6 1 3 0
split_gain=316.678 265.204 4972.09 1935.38 5319.3 875.195 390.501 335.343 224.689 204.425 144.567 57.0334 106.951 14.1 8.18901
threshold=-0.6778509315942044 1.0255131692931567 -0.062113910824738848 -0.01807477173756086 -0.69123191980336984 -1.0575952957725325 -0.0070911773782838094 1.1710611641131294 0.35002553680387399 0.30417849068371405 -1.386775093267542 1.0374529356573934 -0.28810718171175059 -0.43237020777687102 0.0015981223543232335
decision_type=2 2 2 2 2 2 2 2 2 2 2 2 2 2 2
left_child=8 3 7 5 -5 -2 -4 -3 9 10 -1 12 -10 -11 -13
right_child=1 2 6 4 -6 -7 -8 -9 11 13 -12 14 -14 -15 -16
leaf_value=-0.10040843575957525 -0.025682659596057117 -0.098504563868450815 0.015605273720001735 -0.072355085983460812 0.044924558700357935 0.024581573079727775 -0.026618327026922368 0.047245956862374039 -0.092942215680861973 -0.10366014294739648 -0.0073488304074954824 -0.086761201373117713 0.037098777712999298 -0.059731361779550289 -0.12657632657448906
leaf_weight=168.26753956265748 3863.2902075354941 5069.1384485699236 26171.725073823705 9069.522564524319 6742.2629706370644 33522.036648839712 2390.3938224315643 162.93296471284702 174.52930222800933 209.89324854384176 21082.512357116677 77.708401607815176 99.187559613958001 112.0856948774308 154.09349812055007
leaf_count=5328 10199 40658 54580 58421 19453 73696 5989 799 13848 16519 89096 3543 795 1524 2527
internal_value=-0.000132417 0.00258216 -0.00434532 0.00698293 -0.0223462 0.0193874 0.0120715 -0.0939657 -0.0108282 -0.00928393 -0.00808569 -0.0767292 -0.0458189 -0.0883679 -0.113229
internal_weight=109070 86991.3 33794.2 53197.1 15811.8 37385.3 28562.1 5232.07 22078.3 21572.8 21250.8 505.519 273.717 321.979 231.802
internal_count=396975 263795 102026 161769 77874 83895 60569 41457 133180 112467 94424 20713 14643 18043 6070
is_linear=0
shrinkage=0.1


end of trees

feature_importances:
Column_6=219
Column_3=125
Column_1=107
Column_11=103
Column_4=50
Column_0=47
Column_5=26
Column_12=20
Column_2=10
Column_26=10
Column_13=9
Column_15=6
Column_25=4
Column_16=3
Column_23=3
Column_18=2
Column_19=2
Column_14=1
Column_17=1

parameters:
[boosting: gbdt]
[objective: binary]
[metric: binary_logloss]
[tree_learner: serial]
[device_type: cpu]
[data_sample_strategy: bagging]
[data: ]
[valid: ]
[num_iterations: 50]
[learning_rate: 0.1]
[num_leaves: 31]
[num_threads: 62]
[seed: 0]
[deterministic: 0]
[force_col_wise: 0]
[force_row_wise: 0]
[histogram_pool_size: -1]
[max_depth: 4]
[min_data_in_leaf: 20]
[min_sum_hessian_in_leaf: 0.001]
[bagging_fraction: 1]
[pos_bagging_fraction: 1]
[neg_bagging_fraction: 1]
[bagging_freq: 0]
[bagging_seed: 3]
[bagging_by_query: 0]
[feature_fraction: 1]
[feature_fraction_bynode: 1]
[feature_fraction_seed: 2]
[extra_trees: 0]
[extra_seed: 6]
[early_stopping_round: 0]
[early_stopping_min_delta: 0]
[first_metric_only: 0]
[max_delta_step: 0]
[lambda_l1: 0]
[lambda_l2: 0]
[linear_lambda: 0]
[min_gain_to_split: 0]
[drop_rate: 0.1]
[max_drop: 50]
[skip_drop: 0.5]
[xgboost_dart_mode: 0]
[uniform_drop: 0]
[drop_seed: 4]
[top_rate: 0.2]
[other_rate: 0.1]
[min_data_per_group: 100]
[max_cat_threshold: 32]
[cat_l2: 10]
[cat_smooth: 10]
[max_cat_to_onehot: 4]
[top_k: 20]
[monotone_constraints: ]
[monotone_constraints_method: basic]
[monotone_penalty: 0]
[feature_contri: ]
[forcedsplits_filename: ]
[refit_decay_rate: 0.9]
[cegb_tradeoff: 1]
[cegb_penalty_split: 0]
[cegb_penalty_feature_lazy: ]
[cegb_penalty_feature_coupled: ]
[path_smooth: 0]
[interaction_constraints: ]
[verbosity: 1]
[saved_feature_importance_type: 0]
[use_quantized_grad: 0]
[num_grad_quant_bins: 4]
[quant_train_renew_leaf: 0]
[stochastic_rounding: 1]
[linear_tree: 0]
[max_bin: 255]
[max_bin_by_feature: ]
[min_data_in_bin: 3]
[bin_construct_sample_cnt: 200000]
[data_random_seed: 1]
[is_enable_sparse: 1]
[enable_bundle: 1]
[use_missing: 1]
[zero_as_missing: 0]
[feature_pre_filter: 1]
[pre_partition: 0]
[two_round: 0]
[header: 0]
[label_column: ]
[weight_column: ]
[group_column: ]
[ignore_column: ]
[categorical_feature: ]
[forcedbins_filename: ]
[precise_float_parser: 0]
[parser_config_file: ]
[objective_seed: 5]
[num_class: 1]
[is_unbalance: 0]
[scale_pos_weight: 1]
[sigmoid: 1]
[boost_from_average: 1]
[reg_sqrt: 0]
[alpha: 0.9]
[fair_c: 1]
[poisson_max_delta_step: 0.7]
[tweedie_variance_power: 1.5]
[lambdarank_truncation_level: 30]
[lambdarank_norm: 1]
[label_gain: ]
[lambdarank_position_bias_regularization: 0]
[eval_at: ]
[multi_error_top_k: 1]
[auc_mu_weights: ]
[num_machines: 1]
[local_listen_port: 12400]
[time_out: 120]
[machine_list_filename: ]
[machines: ]
[gpu_platform_id: -1]
[gpu_device_id: -1]
[gpu_use_dp: 0]
[num_gpu: 1]

end of parameters

pandas_categorical:null
